1位,,ウルフマン,ｂｏｗ‐ｗｏｗ,1504,5
2位,,ウィザード,9rpm,1472,5
3位,,ウィザード,＋ｼﾞｪﾌﾃｨ＋,1420,5
4位,,ウィザード,レバナス父ちゃん,1408,5
5位,,ウルフマン,大動脈瘤,1381,5
6位,,ウィザード,star＠wiz,1372,5
7位,,ウィザード,イフリィート,1336,5
8位,,ウィザード,残兵首領,1324,5
9位,,ウルフマン,琥炭,1312,5
10位,,ウィザード,MBMM１２,1308,5
11位,,ウィザード,Bィザード,1301,5
12位,,ウィザード,花日,1300,5
13位,,ウィザード,業者,1300,5
14位,,ウィザード,フラウボー,1275,5
15位,,ウィザード,Manstyle,1275,5
16位,,ウルフマン,なんただワン,1271,5
17位,,ウィザード,創造神皇ダニエル,1270,5
18位,,ウィザード,しゃいん･れい,1266,5
19位,,ウルフマン,TAKUGON,1264,5
20位,,ウィザード,Tiar,1263,5
21位,,ウィザード,♪復活レオン555,1259,5
22位,,ウルフマン,ﾓｼﾞｬﾓｼﾞｬおじさん,1256,5
23位,,ウルフマン,黒豆くん,1254,5
24位,,ウィザード,青々あお,1254,5
25位,,ウィザード,かつおぶしの出汁,1253,5
26位,,ウィザード,ImNayeon,1251,5
27位,,ウィザード,akimasaだよ。,1251,5
28位,,ウルフマン,ふろーる犬,1250,5
29位,,ウルフマン,シャルダ,1226,5
30位,,ウィザード,teemo,1220,5
31位,,ウルフマン,忠義の狗爪ココ,1219,5
32位,,ウルフマン,tantan_39,1200,5
33位,,ウィザード,フィガレット,1189,5
34位,,ウィザード,えぼせぶん,1187,5
35位,,ウィザード,Lenard,1187,5
36位,,ウィザード,隻眼の魔術師,1174,5
37位,,ウルフマン,＊L∞PERS＊,1160,5
38位,,ウィザード,BlackMagic∮,1160,5
39位,,ウィザード,ベラー,1158,5
40位,,ウィザード,hinaru,1152,5
41位,,ウィザード,nayaata,1151,5
42位,,ウィザード,ひろぽんwiz,1149,5
43位,,ウィザード,daRinki,1140,5
44位,,ウィザード,Gazelle_sup,1129,5
45位,,ウィザード,伊勢守,1127,5
46位,,ウィザード,Ⅹ愛Ⅹ,1121,5
47位,,ウィザード,ジェルア,1118,4
48位,,ウィザード,靈猫,1116,5
49位,,ウィザード,t_e_i,1113,5
50位,,ウィザード,らっぴーもふもふ,1102,5
51位,,ウィザード,呉竹鞘御杖刀,1100,5
52位,,ウルフマン,ざぶとん☆,1096,5
53位,,ウィザード,近ちゃん,1095,5
54位,,ウィザード,Crewds,1084,5
55位,,ウィザード,のんた～ん,1080,5
56位,,ウィザード,トリプルぷるぷる,1079,5
57位,,ウィザード,汰久,1079,5
58位,,ウィザード,fucoxanthinol,1077,5
59位,,ウィザード,魔法道長,1073,5
60位,,ウィザード,氷紳士,1064,5
61位,,ウィザード,yuzkiha,1064,5
62位,,ウィザード,Shifuku,1063,5
63位,,ウィザード,ルースター,1063,5
64位,,ウィザード,ｖウィザード,1059,5
65位,,ウルフマン,ふぃるもあ,1057,5
66位,,ウルフマン,pierre,1057,5
67位,,ウィザード,ユベロ,1057,5
68位,,ウィザード,武タケル,1053,5
69位,,ウィザード,毛玉ワンコ,1051,5
70位,,ウルフマン,J･Lal,1049,5
71位,,ウィザード,きめれんとん,1045,5
72位,,ウィザード,鼓月,1043,5
73位,,ウィザード,夏の残り火,1041,5
74位,,ウルフマン,マスオ。,1037,5
75位,,ウィザード,おつち,1030,5
76位,,ウィザード,U・Å・）ﾉｯｼｰ,1030,5
77位,,ウィザード,【カリブカフェ】,1030,5
78位,,ウィザード,水縹,1030,5
79位,,ウィザード,煉獄の修羅,1028,5
80位,,ウィザード,覇六,1027,5
81位,,ウィザード,LAKERS,1026,5
82位,,ウィザード,遥人,1025,5
83位,,ウィザード,舞之助,1024,5
84位,,ウィザード,Ψ人生Ψ,1024,3
85位,,ウィザード,ちゃこたりあん,1023,5
86位,,ウルフマン,ⅹサイファーⅹ,1021,5
87位,,ウィザード,Lepperhoff,1020,5
88位,,ウィザード,ユキダルモン2世,1019,5
89位,,ウィザード,さーやん♪,1019,5
90位,,ウィザード,かなWIZ,1018,5
91位,,ウィザード,がなっしゅ。,1017,5
92位,,ウルフマン,リニア頑張る女神,1006,5
93位,,ウィザード,Матрёшка,1006,5
94位,,ウィザード,け～む,1006,5
95位,,ウルフマン,フォラカ,1005,5
96位,,ウルフマン,ふろーる犬Jr,1005,5
97位,,ウィザード,安井ねこ,1005,2
98位,,ウルフマン,ice4p,1003,5
99位,,ウィザード,☆白魔導師☆,1003,5
100位,,ウルフマン,赤なな,1002,5
101位,,ウルフマン,史焔,1002,5
102位,,ウィザード,Room：Sevenster,1002,5
103位,,ウィザード,ジャガージャック,1002,4
104位,,ウィザード,鬼一家の魔術師,1001,5
105位,,ウルフマン,カマセ犬,1000,5
106位,,ウルフマン,しぐの咆哮,1000,5
107位,,ウィザード,アズーリの至宝,1000,5
108位,,ウィザード,ご飯おかわり。,1000,5
109位,,ウィザード,ミ～ティア,1000,5
110位,,ウィザード,楽古,999,4
111位,,ウィザード,レコッティ,998,5
112位,,ウィザード,まこっつ,998,5
113位,,ウルフマン,ギュロア,997,5
114位,,ウィザード,丱ARF丱,995,5
115位,,ウルフマン,グレープミント,992,5
116位,,ウィザード,ヴェロックス,992,5
117位,,ウィザード,もなぴー,990,5
118位,,ウィザード,Findolf,990,5
119位,,ウィザード,とんぼ,990,5
120位,,ウルフマン,ライジング,989,5
121位,,ウルフマン,パパさん１号,986,5
122位,,ウィザード,☆チェ・ジウ☆,986,5
123位,,ウィザード,♪ゆうちゃん,986,5
124位,,ウィザード,ユリアちゃん,986,5
125位,,ウィザード,れねうぃず,984,5
126位,,ウィザード,ｱｲｵﾐ,984,5
127位,,ウィザード,エルフォーネ,982,5
128位,,ウィザード,超猫☆,981,5
129位,,ウィザード,豆腐メンタル,980,5
130位,,ウィザード,火爆将軍Ⅱ,980,5
131位,,ウィザード,べーやまま,980,5
132位,,ウィザード,床の上のピノ,978,5
133位,,ウィザード,ﾀﾞﾆｴﾙ,976,5
134位,,ウルフマン,芍薬甘草湯,976,2
135位,,ウルフマン,ハズ・ホーリー,975,5
136位,,ウィザード,ﾗｽﾎﾞｽの前は厨ﾎﾞｽ,974,5
137位,,ウルフマン,旋の爪術士,973,5
138位,,ウィザード,seja世宗,973,5
139位,,ウィザード,ジンガー,972,5
140位,,ウィザード,※Wding※,972,5
141位,,ウィザード,Drosselmeyer,971,5
142位,,ウィザード,MS06,971,5
143位,,ウィザード,メルクリウスﾆｰﾄ,971,5
144位,,ウィザード,SDHD,971,4
145位,,ウィザード,hibikin,970,5
146位,,ウィザード,Ｓｈａｆｔ☆,967,5
147位,,ウィザード,ぽち♂,966,5
148位,,ウィザード,メテオ☆彡,965,5
149位,,ウィザード,Makarof,963,5
150位,,ウルフマン,パパさん２号,962,5
151位,,ウィザード,ﾃｼﾞﾛｹﾞ･ｳﾞｨﾄﾗｲｸｽ,962,5
152位,,ウィザード,Dussel,962,5
153位,,ウルフマン,犬ｸｿ野郎,960,5
154位,,ウルフマン,おーかみ。,959,5
155位,,ウィザード,heet,959,5
156位,,ウィザード,火☆華☆瑠,958,5
157位,,ウィザード,ｽﾀﾞｰﾙ,958,5
158位,,ウィザード,【【SHGNAL】】,958,5
159位,,ウィザード,リイド,957,5
160位,,ウルフマン,ふわとろん,956,5
161位,,ウィザード,rinjo,956,5
162位,,ウィザード,インフェルノ中林,956,5
163位,,ウィザード,ミリン・ダヨ,955,5
164位,,ウルフマン,CompT,954,5
165位,,ウィザード,ヨーダ,954,5
166位,,ウルフマン,現場犬,953,5
167位,,ウィザード,frieden,953,5
168位,,ウィザード,たのしいオレンジ,953,5
169位,,ウィザード,黄桜辛口一献,953,3
170位,,ウィザード,takayama1,952,5
171位,,ウィザード,真ノ魔術,952,2
172位,,ウィザード,Ω結界師Ω,951,5
173位,,ウィザード,ﾊﾟﾝﾄ,951,3
174位,,ウルフマン,もっふもふもふ,950,5
175位,,ウィザード,sevencraw,950,5
176位,,ウルフマン,マゾ斎藤,949,5
177位,,ウルフマン,star＠ｲｯﾇ！,949,3
178位,,ウィザード,はくるー,948,5
179位,,ウィザード,新撰組近藤,948,5
180位,,ウィザード,支援型あず希,948,5
181位,,ウィザード,Magicdoll,947,5
182位,,ウィザード,☆おいchan,947,5
183位,,ウィザード,頑張ります。,947,5
184位,,ウィザード,shinzan,947,5
185位,,ウィザード,ｳｨｻﾞｰﾄﾞﾏﾝ,947,5
186位,,ウルフマン,並盛り,946,5
187位,,ウィザード,るーしぇ。,946,5
188位,,ウィザード,ヘビースモカ大鉄,946,5
189位,,ウィザード,紅炎バク,946,5
190位,,ウィザード,烏哭∮,946,5
191位,,ウィザード,老狼,946,5
192位,,ウィザード,ウェザーブレイク,946,5
193位,,ウルフマン,ｸﾝｸﾝ,945,5
194位,,ウィザード,ハスラム,945,5
195位,,ウルフマン,ネットバンク,944,5
196位,,ウィザード,氷結ちぇりー,944,5
197位,,ウィザード,つばお,944,5
198位,,ウィザード,SyuWizard,944,5
199位,,ウィザード,バジの魔法使い,944,4
200位,,ウィザード,wqqq,943,5
201位,,ウィザード,ろにおす,943,5
202位,,ウィザード,himikoV,943,5
203位,,ウィザード,yukari☆,943,5
204位,,ウィザード,※東方神起※,943,5
205位,,ウィザード,三ツ矢丸,943,5
206位,,ウィザード,スザク,943,5
207位,,ウィザード,そげ　キング,943,4
208位,,ウルフマン,ウルフギャング,943,0
209位,,ウルフマン,ヤンコラー,942,5
210位,,ウルフマン,横浜わんこ,942,5
211位,,ウルフマン,モロッコ,942,5
212位,,ウィザード,Rhade,942,5
213位,,ウィザード,arisa∮,942,5
214位,,ウィザード,アークブレイブ,942,5
215位,,ウィザード,トロイヴェール,942,0
216位,,ウィザード,エレナ☆,942,0
217位,,ウィザード,マンナンライフ,941,5
218位,,ウィザード,ユド,941,5
219位,,ウィザード,深井,941,5
220位,,ウィザード,AVA初老機,941,4
221位,,ウィザード,WitchBlade,940,5
222位,,ウィザード,Vergiftung,940,5
223位,,ウィザード,ワルド,940,5
224位,,ウィザード,sｉmpｌe,940,5
225位,,ウィザード,ダーツマン,940,3
226位,,ウルフマン,汝風,939,5
227位,,ウィザード,NARR,939,5
228位,,ウィザード,ブライト大佐,939,5
229位,,ウルフマン,うわんわん,938,5
230位,,ウィザード,フェルザム,938,5
231位,,ウィザード,ナルミン☆,938,5
232位,,ウィザード,盲腸ぷりん,938,5
233位,,ウィザード,shun__,938,5
234位,,ウィザード,おらふ,938,5
235位,,ウィザード,サァドーダ？,937,5
236位,,ウィザード,アル・ゼフィルス,937,5
237位,,ウィザード,withlock,937,5
238位,,ウィザード,藤本楓,937,5
239位,,ウルフマン,スマファル,936,5
240位,,ウィザード,終わりのない歌,936,5
241位,,ウィザード,Macgregor,936,5
242位,,ウィザード,☆クライブ☆,936,5
243位,,ウィザード,yuki777,936,5
244位,,ウィザード,高所から棒術,936,5
245位,,ウィザード,魔法トウモロコシ,936,2
246位,,ウィザード,猫補助,936,2
247位,,ウィザード,風を伴って,936,2
248位,,ウルフマン,ジョニー・ワンカ,935,5
249位,,ウィザード,天臼,935,5
250位,,ウィザード,ZIZA,935,5
251位,,ウィザード,hosvir,935,5
252位,,ウィザード,￡runa￡,935,5
253位,,ウィザード,始まりと終わり,935,5
254位,,ウィザード,卍スティッチ卍,935,5
255位,,ウィザード,ぱっぷる,935,5
256位,,ウィザード,超弱エンヘイ,935,3
257位,,ウルフマン,クレヴ,934,5
258位,,ウィザード,ぽてとつ,934,5
259位,,ウィザード,天師,934,5
260位,,ウィザード,ﾘﾋｬﾙﾄ･ｼｬｯﾃﾝ,934,5
261位,,ウィザード,Vaako,934,5
262位,,ウィザード,紅朔,934,5
263位,,ウィザード,ikepon6,934,5
264位,,ウィザード,祁譚,934,5
265位,,ウィザード,※クロノ※,934,3
266位,,ウルフマン,いぬがみ。,933,5
267位,,ウルフマン,血の流れﾖﾘ紅き者,933,5
268位,,ウィザード,南十字星,933,5
269位,,ウィザード,三条道雪,933,5
270位,,ウィザード,ｴｺｓ＋防人,933,5
271位,,ウィザード,☆starlighttear,933,5
272位,,ウィザード,天才ですから,933,5
273位,,ウィザード,元帥蜻蛉,933,4
274位,,ウルフマン,†Detective†,933,2
275位,,ウィザード,エドウィン。,932,5
276位,,ウィザード,わんわん男,932,5
277位,,ウィザード,華麗なるGちゃん,932,5
278位,,ウィザード,TIBIRAN,932,3
279位,,ウィザード,アイリマン2号,932,0
280位,,ウルフマン,かぶとむし12号,931,5
281位,,ウィザード,ﾌﾞﾚｲｽﾞ･ｲﾝﾌｨﾆｵﾝ,931,5
282位,,ウィザード,（＝ω＝鵺守,931,5
283位,,ウィザード,奇跡のマエストロ,931,5
284位,,ウィザード,雪ノ下陽乃,931,5
285位,,ウィザード,しぐれねこ,931,5
286位,,ウィザード,審判の日,931,5
287位,,ウィザード,星鶯,931,5
288位,,ウィザード,yahawei,931,5
289位,,ウィザード,hidetos2,931,4
290位,,ウィザード,鬼浜愚連隊総長,930,5
291位,,ウィザード,なご支援,930,5
292位,,ウィザード,＠ぽこ,930,5
293位,,ウィザード,虻ぅ,930,4
294位,,ウルフマン,神仙の豆,930,2
295位,,ウィザード,ｼﾞｮｰｼﾞ・ﾊﾘｿﾝ,930,2
296位,,ウィザード,魔術妖精,929,5
297位,,ウィザード,Pochitember☆7th,929,5
298位,,ウィザード,とりあえず生っ！,929,5
299位,,ウィザード,カルンウェハン,929,5
300位,,ウィザード,＄那由多＄,929,5
301位,,ウィザード,完全否定,929,5
302位,,ウィザード,アカムツ,929,5
303位,,ウィザード,沈香,929,4
304位,,ウルフマン,眠り犬,928,5
305位,,ウルフマン,犬mirin,928,5
306位,,ウルフマン,いぬろく,928,5
307位,,ウィザード,ﾌｧｲﾔｰ・ｽﾊﾟｲﾆｰﾙ,928,5
308位,,ウィザード,Lieutenant,928,5
309位,,ウィザード,火焔の王,928,5
310位,,ウィザード,alienaki,928,5
311位,,ウィザード,wizko,928,5
312位,,ウィザード,韓世,928,5
313位,,ウィザード,リンガイア,928,5
314位,,ウィザード,めれぶ！,928,4
315位,,ウィザード,RasuWzd,928,0
316位,,ウルフマン,亟彈,927,5
317位,,ウィザード,ARAIω2000,927,5
318位,,ウィザード,レガシィ,927,5
319位,,ウィザード,バーナー。,927,5
320位,,ウィザード,偏差値72,927,5
321位,,ウィザード,4大空に帰す,927,1
322位,,ウィザード,ひでこさん,927,0
323位,,ウルフマン,ぽてち伯爵,926,5
324位,,ウルフマン,どんわいたかし,926,5
325位,,ウルフマン,トラっち,926,5
326位,,ウルフマン,叫ぶやつ,926,5
327位,,ウィザード,ちー魔,926,5
328位,,ウィザード,限界,926,5
329位,,ウィザード,パルディエス,926,5
330位,,ウィザード,アポロジー,926,5
331位,,ウィザード,りおーる,926,5
332位,,ウィザード,男祭り地獄,926,5
333位,,ウルフマン,ごるど,926,3
334位,,ウルフマン,レンネット,926,3
335位,,ウルフマン,よくねるマン,926,3
336位,,ウィザード,海驢,926,3
337位,,ウィザード,パパさん５号,926,3
338位,,ウルフマン,れいざ,926,1
339位,,ウルフマン,機界昇華,925,5
340位,,ウルフマン,Minecraft。,925,5
341位,,ウルフマン,パグ（白）,925,5
342位,,ウィザード,刳鍛,925,5
343位,,ウィザード,ぷう＄,925,5
344位,,ウィザード,みみすけ,925,5
345位,,ウィザード,ШルナШ,925,5
346位,,ウィザード,white_gold,925,5
347位,,ウィザード,わんたま,925,3
348位,,ウィザード,χBLUE_OGREχ,925,3
349位,,ウィザード,イフリィト,925,0
350位,,ウルフマン,【ビガー】,924,5
351位,,ウィザード,浜口アヤメ,924,5
352位,,ウィザード,Highball,924,5
353位,,ウィザード,酔犬,924,5
354位,,ウィザード,火焔の幹部,924,5
355位,,ウィザード,紅のﾊﾞｰｻｰｶｰ,924,5
356位,,ウィザード,kikutomi,924,5
357位,,ウィザード,デュラク,924,5
358位,,ウルフマン,アトミック侍,924,3
359位,,ウィザード,もちゃ枢機卿,924,3
360位,,ウィザード,ｱｽﾋｱｽﾋｱｽﾋｱｽﾋｱｽﾋ3,924,1
361位,,ウィザード,hades☆,924,0
362位,,ウルフマン,ネルフィ,923,5
363位,,ウルフマン,牛スジコン煮,923,5
364位,,ウィザード,ココ☆デメール,923,5
365位,,ウィザード,ミルキーアン,923,5
366位,,ウィザード,Honey_Bee,923,5
367位,,ウィザード,PlainWalker,923,5
368位,,ウィザード,中家☆忠,923,5
369位,,ウィザード,カークン,923,5
370位,,ウィザード,ﾊﾌﾟｽﾌﾞﾙｸﾞ3世,923,5
371位,,ウィザード,noisy,923,5
372位,,ウィザード,ガルム４,923,5
373位,,ウィザード,敗北者じゃけぇ！,923,5
374位,,ウィザード,カール・ボッシュ,923,5
375位,,ウィザード,CHON,923,4
376位,,ウィザード,AlexLevine,923,4
377位,,ウルフマン,トリトニア,923,3
378位,,ウィザード,†レト†,923,3
379位,,ウィザード,クラシノハイ,923,1
380位,,ウルフマン,マタ・斎藤,922,5
381位,,ウルフマン,そとわくW,922,5
382位,,ウィザード,おぉヴぉえLX,922,5
383位,,ウィザード,あぶらむし♪,922,5
384位,,ウィザード,白の鳥〜,922,5
385位,,ウィザード,∈小豆∋,922,5
386位,,ウィザード,§Silver§,922,5
387位,,ウィザード,TEOTORRIATTE,922,5
388位,,ウィザード,§KANPATI,922,5
389位,,ウィザード,got55,922,5
390位,,ウィザード,まぎっちゃん,922,5
391位,,ウィザード,水樹慎λ,922,5
392位,,ウィザード,キッチョムさん,922,5
393位,,ウィザード,scys,922,5
394位,,ウルフマン,〇●〇,922,4
395位,,ウィザード,燈星,922,4
396位,,ウィザード,梅雪,922,3
397位,,ウィザード,Nagily,922,0
398位,,ウルフマン,☆イブキ☆,921,5
399位,,ウィザード,洗心無,921,5
400位,,ウィザード,亜魔神,921,5
401位,,ウィザード,量産型導師クレフ,921,5
402位,,ウィザード,ЖガルフЖ,921,5
403位,,ウィザード,kekei☆,921,5
404位,,ウィザード,徹ゲー,921,5
405位,,ウィザード,Sweet☆Honey,921,5
406位,,ウィザード,マホノラ,921,5
407位,,ウィザード,生きた屍,921,5
408位,,ウィザード,ヅラ被ってます。,921,5
409位,,ウィザード,Levatein,921,5
410位,,ウィザード,Millennials,921,5
411位,,ウィザード,myuuko2,921,5
412位,,ウィザード,bullet,921,4
413位,,ウィザード,まサＧＩ,921,3
414位,,ウィザード,プードルマン,921,1
415位,,ウルフマン,えぼないん,920,5
416位,,ウルフマン,ハヤブサのジョー,920,5
417位,,ウルフマン,らくりまⅨ,920,5
418位,,ウルフマン,おにぎり▲,920,5
419位,,ウィザード,†ＡＲＦ†,920,5
420位,,ウィザード,MIRAGE_Ⅵ,920,5
421位,,ウィザード,導師クレフの聖獣,920,5
422位,,ウィザード,無気力Y,920,5
423位,,ウィザード,☆ειιε,920,5
424位,,ウィザード,マッピー♪☆ミ,920,5
425位,,ウィザード,Yutaca,920,5
426位,,ウィザード,ラスカる,920,5
427位,,ウィザード,つえ,920,5
428位,,ウィザード,ⅹ元気ⅹ,920,5
429位,,ウルフマン,もこもこ犬,920,4
430位,,ウィザード,だーしゅ,920,4
431位,,ウルフマン,ねるねるねるne,920,3
432位,,ウィザード,はんようまご,920,3
433位,,ウィザード,REDSTONE抽出機,920,3
434位,,ウルフマン,サミット,919,5
435位,,ウルフマン,たうぼー,919,5
436位,,ウルフマン,微生物の森,919,5
437位,,ウルフマン,さくらJP,919,5
438位,,ウィザード,このボリュームで,919,5
439位,,ウィザード,トケンカ_青藍,919,5
440位,,ウィザード,♪☆桜咲☆♪,919,5
441位,,ウィザード,ジョ－コール,919,5
442位,,ウィザード,黒の騎士団,919,5
443位,,ウィザード,ちさるん,919,5
444位,,ウィザード,倉庫114,919,5
445位,,ウルフマン,実は猫派,919,3
446位,,ウィザード,CT地獄,919,3
447位,,ウィザード,sｉmple,919,2
448位,,ウルフマン,くまきゅう,919,0
449位,,ウルフマン,デカマスター,919,0
450位,,ウルフマン,刳啗,918,5
451位,,ウルフマン,ほも・ぷーどる,918,5
452位,,ウィザード,破壊Ⅱ,918,5
453位,,ウィザード,ﾈｯﾄﾞﾊﾞｽﾊﾝﾌﾘｰ,918,5
454位,,ウィザード,Highway_to_Hell,918,5
455位,,ウィザード,りょうどんⅢ,918,5
456位,,ウィザード,ﾐﾙﾒﾃ,918,5
457位,,ウィザード,廃NEETめどろ～あ,918,5
458位,,ウィザード,iyou＠うぃざーど,918,5
459位,,ウィザード,魔神ウインダム,918,5
460位,,ウィザード,死援WIZ,918,5
461位,,ウルフマン,スナクラゲ３,918,4
462位,,ウィザード,黎漣,918,4
463位,,ウィザード,ケンケン１,918,4
464位,,ウィザード,mami♪♪,918,3
465位,,ウィザード,marie☆,918,3
466位,,ウィザード,バイアルド,918,2
467位,,ウルフマン,無免ライダー,918,1
468位,,ウルフマン,メテオら,917,5
469位,,ウルフマン,ワンコそば,917,5
470位,,ウィザード,ウィズヤ,917,5
471位,,ウィザード,w1001w,917,5
472位,,ウィザード,とろっとろ煮卵,917,5
473位,,ウィザード,半端,917,5
474位,,ウィザード,完熟マンゴ汁,917,5
475位,,ウィザード,SageofDarkness,917,5
476位,,ウィザード,Apeace,917,5
477位,,ウィザード,兜甲児（≧∇≦）,917,5
478位,,ウィザード,ぎく,917,5
479位,,ウィザード,憂鬱な暇人,917,5
480位,,ウィザード,くろんげ,917,5
481位,,ウィザード,匠WIZ,917,1
482位,,ウルフマン,男性工作員－α,917,0
483位,,ウルフマン,ガリえもん,916,5
484位,,ウルフマン,ｾﾞﾛ・ｸﾞﾗﾋﾞﾃｨ,916,5
485位,,ウルフマン,ジンリューク,916,5
486位,,ウィザード,スケベイス,916,5
487位,,ウィザード,wwwkei,916,5
488位,,ウィザード,EasierToRun,916,5
489位,,ウィザード,にゃにこ,916,5
490位,,ウィザード,☆うぃざーど☆彡,916,5
491位,,ウルフマン,野良イッヌ,916,4
492位,,ウィザード,TAKUGON_Jr,916,3
493位,,ウィザード,legal,916,0
494位,,ウィザード,エムサ,916,0
495位,,ウルフマン,doggystyle,915,5
496位,,ウルフマン,赤保留,915,5
497位,,ウルフマン,もふもふワンコ,915,5
498位,,ウィザード,ｽﾊﾟｲｸ=ｽﾋﾟｰｹﾞﾙ,915,5
499位,,ウィザード,しょぼいWIZ,915,5
500位,,ウィザード,野良WIZ,915,5
501位,,ウィザード,ロン毛暴威,915,5
502位,,ウィザード,ぞでっち♪,915,5
503位,,ウィザード,raspp,915,5
504位,,ウィザード,イカ玉モダン,915,5
505位,,ウィザード,赤龍帝,915,5
506位,,ウィザード,§ｵﾄﾉﾊ§,915,5
507位,,ウィザード,☆杖の人☆,915,5
508位,,ウィザード,魔術師ぱーさ,915,5
509位,,ウィザード,雨蟹,915,5
510位,,ウィザード,♪マッピー♪☆ミ,915,5
511位,,ウィザード,PiedWagtail,915,5
512位,,ウィザード,冷却水,915,5
513位,,ウィザード,糸こん,915,4
514位,,ウィザード,hunya,915,4
515位,,ウルフマン,虚神ﾌﾞﾗｯｸｾﾞｳｽ,915,1
516位,,ウィザード,焼きにんにく,915,1
517位,,ウィザード,ドーマンセーマン,915,0
518位,,ウィザード,輝☆,915,0
519位,,ウィザード,かおすさまぁ♪,915,0
520位,,ウルフマン,先走り二等兵,914,5
521位,,ウルフマン,BastetΘ,914,5
522位,,ウルフマン,わんじー,914,5
523位,,ウルフマン,Drｚｚ,914,5
524位,,ウィザード,・ギュンター,914,5
525位,,ウィザード,おふらんす,914,5
526位,,ウィザード,ЖショコラЖ,914,5
527位,,ウィザード,業務過多,914,5
528位,,ウィザード,ﾋｭｰｼﾞｬｯｸﾏﾝ,914,5
529位,,ウィザード,（σ⌒ω⌒）σ,914,5
530位,,ウィザード,☆☆緋☆☆,914,5
531位,,ウィザード,にぼし隊長,914,5
532位,,ウィザード,さらまんだーα,914,5
533位,,ウィザード,ぽっぷ☆,914,5
534位,,ウィザード,ξハバロフストξ,914,5
535位,,ウィザード,ラクタス,914,5
536位,,ウィザード,ｼｬｯﾂｫ・λ・ﾙﾌﾗ,914,5
537位,,ウィザード,うぶげ,914,5
538位,,ウィザード,犬魔導神,914,4
539位,,ウィザード,ユエルン．,914,4
540位,,ウルフマン,Keyblade,914,3
541位,,ウィザード,†ジオ†,914,2
542位,,ウルフマン,CharlesMartel,913,5
543位,,ウィザード,ああ、疲れた,913,5
544位,,ウィザード,えぼいれぶん,913,5
545位,,ウィザード,ミツイ,913,5
546位,,ウィザード,Snow_Flyer,913,5
547位,,ウィザード,ヨナ・エリクソン,913,5
548位,,ウィザード,ｇabriel,913,5
549位,,ウィザード,星崩し,913,5
550位,,ウィザード,てんてぇ,913,5
551位,,ウィザード,兜虫甲児,913,4
552位,,ウルフマン,DogToHuman,913,2
553位,,ウィザード,クロウシス,913,2
554位,,ウィザード,ウィザード4世,913,0
555位,,ウルフマン,ウプウアウト,912,5
556位,,ウルフマン,牙老,912,5
557位,,ウルフマン,ばーむくー,912,5
558位,,ウルフマン,フルウ,912,5
559位,,ウィザード,ダバダ火振,912,5
560位,,ウィザード,Linus_Crowford,912,5
561位,,ウィザード,運命の預言者,912,5
562位,,ウィザード,ナイゾウ−２,912,5
563位,,ウィザード,アスルグラナ,912,5
564位,,ウィザード,カサゴちゃん,912,5
565位,,ウィザード,SIENSIEN,912,5
566位,,ウィザード,クロムスフェーン,912,5
567位,,ウィザード,れんげっ,912,5
568位,,ウィザード,ち○びパパス,912,5
569位,,ウィザード,Giorno・Giovanna,912,5
570位,,ウィザード,ふにゃちょこ,912,5
571位,,ウィザード,伊達籐次郎正宗,912,5
572位,,ウルフマン,ユニポ,912,4
573位,,ウィザード,豚玉モダン,912,4
574位,,ウィザード,ママま導師,912,4
575位,,ウルフマン,かーにばる,912,3
576位,,ウルフマン,銀爪バデン,912,3
577位,,ウルフマン,ﾘﾎﾞﾙﾊﾞｰｼﾞｬﾝｷｰｽﾞ,911,5
578位,,ウルフマン,あぃル,911,5
579位,,ウルフマン,グローバルホーク,911,5
580位,,ウルフマン,鹿ノ,911,5
581位,,ウルフマン,浴衣,911,5
582位,,ウルフマン,GeniusWolf,911,5
583位,,ウルフマン,こまけだま,911,5
584位,,ウィザード,殺人蚊,911,5
585位,,ウィザード,メテオボーイ,911,5
586位,,ウィザード,二式艦偵,911,5
587位,,ウィザード,ＷＩＺの踊り子,911,5
588位,,ウィザード,wiz4x2,911,5
589位,,ウィザード,花のように,911,5
590位,,ウィザード,南海３,911,5
591位,,ウィザード,スロー,911,5
592位,,ウィザード,そういうものよ,911,4
593位,,ウィザード,ハッピーピッグ,911,4
594位,,ウィザード,yamada5000,911,3
595位,,ウィザード,＊ﾙﾅ＊,911,3
596位,,ウィザード,NecroWizard,911,2
597位,,ウィザード,心臓メテ男,911,2
598位,,ウィザード,ＭＡＧＩＥＲ,911,1
599位,,ウィザード,☆レガート,911,0
600位,,ウィザード,祥雲arice,911,0
601位,,ウルフマン,げろりんぱ,910,5
602位,,ウルフマン,ワンコ同好会,910,5
603位,,ウルフマン,iPhone1000,910,5
604位,,ウルフマン,サボテン君,910,5
605位,,ウィザード,VanVan♪,910,5
606位,,ウィザード,ゼノブレイド,910,5
607位,,ウィザード,Back_in_Black,910,5
608位,,ウィザード,ｶﾞﾚｯﾄ･ﾃﾞ･ﾛﾜ,910,5
609位,,ウィザード,ゆびた,910,5
610位,,ウィザード,ちょこも,910,5
611位,,ウィザード,２２３,910,5
612位,,ウィザード,ふらんく。,910,5
613位,,ウィザード,ヴァシュタル,910,5
614位,,ウィザード,セーリータ,910,5
615位,,ウィザード,究極混沌焉不滅龍,910,5
616位,,ウィザード,闇の魔道師シェゾ,910,5
617位,,ウィザード,ぴかそ。,910,5
618位,,ウィザード,初代∽てっちり,910,5
619位,,ウィザード,シェパ－ド,910,5
620位,,ウィザード,ジルベスター,910,5
621位,,ウィザード,イムホテプ,910,5
622位,,ウィザード,↑PT範囲さん募集,910,5
623位,,ウィザード,Wiiza,910,4
624位,,ウィザード,SilkyMint,910,4
625位,,ウィザード,サンポⅡ,910,3
626位,,ウルフマン,※クロノⅤ※,910,2
627位,,ウィザード,ＵＲＪ,910,2
628位,,ウィザード,FLORAL,910,0
629位,,ウルフマン,人狼城の恐怖Ⅲ,909,5
630位,,ウィザード,瓶缶,909,5
631位,,ウィザード,マルウェン,909,5
632位,,ウィザード,ホブス☆,909,5
633位,,ウィザード,ψｺｱﾚｯｸｽψ,909,5
634位,,ウィザード,Baslile,909,5
635位,,ウィザード,ルズム,909,5
636位,,ウィザード,入れ子人形,909,5
637位,,ウィザード,わかさん,909,5
638位,,ウィザード,ダケド,909,5
639位,,ウィザード,だいふく魔人,909,4
640位,,ウィザード,ウホマ,909,4
641位,,ウィザード,そら＠メテオ,909,4
642位,,ウィザード,えま・。・v,909,4
643位,,ウィザード,↑汗の救助隊↑,909,4
644位,,ウィザード,フィリス・ウェン,909,4
645位,,ウルフマン,⑪号,909,3
646位,,ウィザード,ЩｆreedomЩ,909,3
647位,,ウィザード,獅煙,909,1
648位,,ウルフマン,秘湯安納芋,908,5
649位,,ウルフマン,ストライダー犬,908,5
650位,,ウルフマン,せせり☆,908,5
651位,,ウィザード,☆ジェリアーノ☆,908,5
652位,,ウィザード,xxx刹那xxx,908,5
653位,,ウィザード,カリブカフェ,908,5
654位,,ウィザード,TripleDiamond,908,5
655位,,ウィザード,ガレ亞,908,5
656位,,ウィザード,1BRO,908,5
657位,,ウィザード,青藍の豺狼,908,5
658位,,ウィザード,￠CASSIS￠,908,5
659位,,ウィザード,山ルナ山,908,5
660位,,ウィザード,minas‡,908,5
661位,,ウィザード,メルトト,908,5
662位,,ウィザード,伊藤園のお茶,908,5
663位,,ウィザード,ｳﾞｪﾙｾﾞﾌﾞﾌﾞ,908,5
664位,,ウィザード,電気ウナギ,908,5
665位,,ウィザード,紅蓮の魔道士,908,5
666位,,ウィザード,ラバック,908,5
667位,,ウィザード,くろまW,908,5
668位,,ウィザード,ﾊﾟｲﾚｰﾂ,908,5
669位,,ウルフマン,横浜ワンコ,908,4
670位,,ウルフマン,半猫の凪,908,4
671位,,ウィザード,gontag,908,4
672位,,ウィザード,真朮氏,908,4
673位,,ウィザード,☆セリス☆,908,4
674位,,ウィザード,腸捻転,908,4
675位,,ウィザード,炎魔王,908,2
676位,,ウルフマン,ジャスタウェイ♪,908,0
677位,,ウィザード,趙雲子龍。,908,0
678位,,ウルフマン,ドロヴァイン,907,5
679位,,ウルフマン,DeathVoice,907,5
680位,,ウィザード,野武士。,907,5
681位,,ウィザード,新規,907,5
682位,,ウィザード,ﾂﾎﾞ侍,907,5
683位,,ウィザード,天帝冥滅翔時空零,907,5
684位,,ウィザード,次元頂点ダニエル,907,5
685位,,ウィザード,緑色inkoちゃん,907,5
686位,,ウィザード,Ｍｓﾊﾆｰ,907,5
687位,,ウィザード,ジュ－ル,907,5
688位,,ウィザード,だいふく君,907,4
689位,,ウィザード,マジカル・ポチ,907,4
690位,,ウィザード,お名前兄貴,907,4
691位,,ウィザード,儚楓,907,4
692位,,ウィザード,ｼﾞｬｯｸ･ｽﾊﾟﾛｳ,907,4
693位,,ウィザード,bLOSeR,907,3
694位,,ウルフマン,ψ真空眼黒炎竜ψ,907,1
695位,,ウィザード,植毛抜作,907,1
696位,,ウィザード,いごWzd,907,0
697位,,ウルフマン,Ψ高木ブーΨ,906,5
698位,,ウルフマン,ピす,906,5
699位,,ウルフマン,人間兵器PXｰ０,906,5
700位,,ウルフマン,牛すじの味噌煮込,906,5
701位,,ウルフマン,Celeriac,906,5
702位,,ウィザード,辻蜘蛛,906,5
703位,,ウィザード,夜邪♪,906,5
704位,,ウィザード,ジンズ,906,5
705位,,ウィザード,てんてぃ,906,5
706位,,ウィザード,§バルロック§,906,5
707位,,ウィザード,一夏の幻,906,5
708位,,ウルフマン,スマグ系男子,906,4
709位,,ウルフマン,家庭ガーデン,906,4
710位,,ウィザード,とっぴー,906,4
711位,,ウィザード,NAGAIMO_Kirov,906,4
712位,,ウィザード,ｳｨｻﾞｰﾄﾞくん,906,4
713位,,ウィザード,Gillbert,906,3
714位,,ウルフマン,牙砕,906,1
715位,,ウィザード,TAKERU武,906,0
716位,,ウィザード,Naaaaaanya,906,0
717位,,ウィザード,ミラー11,906,0
718位,,ウィザード,ねむみていおー,906,0
719位,,ウィザード,CT反対,906,0
720位,,ウルフマン,チョコクリーム,905,5
721位,,ウルフマン,初音よた,905,5
722位,,ウルフマン,水松みら,905,5
723位,,ウルフマン,ルインバスター,905,5
724位,,ウルフマン,かむかむめろん,905,5
725位,,ウルフマン,大神響牙,905,5
726位,,ウルフマン,跳弾,905,5
727位,,ウィザード,§魔神§,905,5
728位,,ウィザード,Pride_and_Joy,905,5
729位,,ウィザード,ﾌｪﾝﾃﾞｨｰ,905,5
730位,,ウィザード,白虎星君,905,5
731位,,ウィザード,ハリアーⅡ④,905,5
732位,,ウィザード,フォルクマール,905,5
733位,,ウィザード,†六道骸†,905,5
734位,,ウィザード,斑鳩悟,905,5
735位,,ウィザード,Last_Explosion,905,5
736位,,ウィザード,Shooota,905,5
737位,,ウィザード,Anteros,905,5
738位,,ウィザード,☆なみ☆,905,5
739位,,ウィザード,コヨルシャウキ,905,5
740位,,ウィザード,斗夜,905,5
741位,,ウィザード,Wistaria,905,5
742位,,ウルフマン,ロッキ一山脈,905,4
743位,,ウルフマン,ゆびたん,905,4
744位,,ウルフマン,ryotaku,905,4
745位,,ウィザード,キサライ,905,4
746位,,ウルフマン,夜鯖狼,905,1
747位,,ウルフマン,レインドッグ。,905,0
748位,,ウィザード,エンチャマンペー,905,0
749位,,ウィザード,SoloWzd,905,0
750位,,ウィザード,メテトン,905,0
751位,,ウィザード,辻宮☆真栗,905,0
752位,,ウィザード,☆しょ～☆,905,0
753位,,ウィザード,本多三佐,905,0
754位,,ウルフマン,ヴォルファンゴ,904,5
755位,,ウィザード,うぃず兄,904,5
756位,,ウィザード,´癶ω癶｀SUN,904,5
757位,,ウィザード,神様WIZ,904,5
758位,,ウィザード,しゃいん・れい,904,5
759位,,ウィザード,翔真,904,5
760位,,ウィザード,ヴィンセント†,904,5
761位,,ウィザード,ｳﾞｧﾙﾀｰ,904,5
762位,,ウィザード,双子の朱乃,904,5
763位,,ウィザード,しろまめ_SR,904,5
764位,,ウィザード,LWizard,904,5
765位,,ウィザード,誌織。,904,5
766位,,ウィザード,ゆう〆,904,5
767位,,ウィザード,えくすぷろーじょ,904,5
768位,,ウィザード,はむたろさん,904,5
769位,,ウィザード,ぽちひで,904,5
770位,,ウィザード,としきんぐ,904,5
771位,,ウィザード,Ginku,904,5
772位,,ウィザード,夜の翼,904,5
773位,,ウィザード,あんく。,904,5
774位,,ウィザード,おあしすＰ,904,5
775位,,ウルフマン,ﾁﾘﾝｸﾞﾀｯﾁ藤岡,904,4
776位,,ウルフマン,ドン犬さん,904,4
777位,,ウィザード,CUBE0012,904,4
778位,,ウィザード,o†ACE†o,904,4
779位,,ウィザード,クマノーデ,904,4
780位,,ウルフマン,燃え豚,904,3
781位,,ウルフマン,Ｐｉｅｄ／Ｐ,904,3
782位,,ウィザード,ほけもん,904,2
783位,,ウィザード,ⅹ澪mioⅹ,904,1
784位,,ウィザード,320t,904,1
785位,,ウィザード,ジミ～,904,0
786位,,ウルフマン,がなっしゅ。。,903,5
787位,,ウルフマン,フうりん,903,5
788位,,ウルフマン,ちょっこれいと,903,5
789位,,ウィザード,未羽☆彡,903,5
790位,,ウィザード,木蓮の騎士,903,5
791位,,ウィザード,バーリ。,903,5
792位,,ウィザード,BootHill,903,5
793位,,ウィザード,如月皐,903,5
794位,,ウィザード,すんすーん,903,5
795位,,ウィザード,FinalDiscussion,903,5
796位,,ウィザード,wizzar,903,5
797位,,ウィザード,MerryLyu,903,5
798位,,ウィザード,とらうと,903,5
799位,,ウィザード,DundeeWiseman,903,5
800位,,ウィザード,銀狼怪奇ファイル,903,5
801位,,ウィザード,ウッチス,903,5
802位,,ウィザード,サマロナ,903,5
803位,,ウィザード,ほだか,903,5
804位,,ウィザード,Кудрявκа,903,5
805位,,ウィザード,狩り時間こそ全て,903,5
806位,,ウィザード,ルイフェン,903,5
807位,,ウィザード,ダニエル帝国皇帝,903,5
808位,,ウィザード,星々皇帝ダニエル,903,5
809位,,ウィザード,星々空に架かる虹,903,5
810位,,ウィザード,虹と星達を束ねて,903,5
811位,,ウィザード,無眠刻闇星虹廃皇,903,5
812位,,ウィザード,棒振,903,5
813位,,ウィザード,balyn,903,5
814位,,ウィザード,∫nayaata∫,903,5
815位,,ウィザード,百式１００②,903,5
816位,,ウィザード,サマァ！,903,5
817位,,ウィザード,きららウイズ,903,5
818位,,ウィザード,☆アミュレット☆,903,5
819位,,ウィザード,堅揚げ！,903,5
820位,,ウィザード,JREXXX,903,5
821位,,ウィザード,じゅすてぃーぬ。,903,4
822位,,ウィザード,桜白杖∫,903,4
823位,,ウィザード,∮ｴﾙﾃﾞｨｱ∮,903,4
824位,,ウィザード,Ｃandeloro,903,4
825位,,ウィザード,☆アウナス☆,903,3
826位,,ウィザード,バカボンパパ,903,3
827位,,ウィザード,ニイチャン,903,3
828位,,ウィザード,紅い眼,903,3
829位,,ウィザード,夕暮れの空,903,3
830位,,ウィザード,海にいすぎた鯖,903,3
831位,,ウィザード,ノンターン,903,2
832位,,ウィザード,ξStormξ,903,1
833位,,ウルフマン,鬼杖,903,0
834位,,ウィザード,☆スコット,903,0
835位,,ウィザード,しまじ555,903,0
836位,,ウィザード,魔導星,903,0
837位,,ウィザード,西口縄張雄,903,0
838位,,ウィザード,我馬,903,0
839位,,ウルフマン,hellaflush,902,5
840位,,ウルフマン,壇黎斗,902,5
841位,,ウルフマン,わおぉーん,902,5
842位,,ウルフマン,THAH,902,5
843位,,ウルフマン,番犬ガオガオ♂,902,5
844位,,ウルフマン,おかもち,902,5
845位,,ウィザード,●●○○,902,5
846位,,ウィザード,どんぼ,902,5
847位,,ウィザード,＠さんしろう＠,902,5
848位,,ウィザード,クェイサー,902,5
849位,,ウィザード,☆桃支援☆,902,5
850位,,ウィザード,はまぐり。,902,5
851位,,ウィザード,俺の腕知らない？,902,5
852位,,ウィザード,SOL2,902,5
853位,,ウィザード,とっとこゆーと君,902,5
854位,,ウィザード,minas†,902,5
855位,,ウィザード,ＭＤＭＡ,902,5
856位,,ウィザード,クローディス,902,5
857位,,ウィザード,いいちゃん,902,5
858位,,ウィザード,ナイトフィーバー,902,5
859位,,ウィザード,ヴィクシー,902,5
860位,,ウィザード,小岩井あいす,902,5
861位,,ウィザード,ぼむちゃん,902,5
862位,,ウィザード,nyaata,902,5
863位,,ウルフマン,マーズ・ヴォルタ,902,4
864位,,ウルフマン,Bavyron,902,4
865位,,ウルフマン,げんなりくん,902,4
866位,,ウルフマン,怪人狼男,902,4
867位,,ウルフマン,ラグテープ,902,4
868位,,ウィザード,mokoshi,902,4
869位,,ウィザード,さみっと,902,4
870位,,ウィザード,うぃざーど☆G,902,4
871位,,ウィザード,ょゎぃゃっ,902,4
872位,,ウルフマン,トゥーハ,902,3
873位,,ウィザード,ハルルソラ,902,3
874位,,ウィザード,ダルメテオ,902,3
875位,,ウィザード,微ビッチドールズ,902,3
876位,,ウィザード,ｱﾀﾀｶｲｶﾀﾀﾀｷｷ,902,3
877位,,ウィザード,水曜日の,902,3
878位,,ウィザード,欧軍,902,3
879位,,ウィザード,タイタンの心核,902,3
880位,,ウィザード,ドレスト,902,3
881位,,ウィザード,はぴぁ～,902,2
882位,,ウィザード,meteoちゃん,902,2
883位,,ウルフマン,ガリガリッガリッ,902,1
884位,,ウルフマン,あらかき,902,1
885位,,ウルフマン,あいかわあゆむ,902,1
886位,,ウィザード,シェイムⅡ,902,1
887位,,ウィザード,Magnaria,902,1
888位,,ウルフマン,うるふみ,902,0
889位,,ウルフマン,ビヤロ,902,0
890位,,ウィザード,ゾゴジュアッグ,902,0
891位,,ウィザード,☆アレックス,902,0
892位,,ウィザード,TobyKissinger,902,0
893位,,ウィザード,レッド・ぶる,902,0
894位,,ウルフマン,忠犬とろ公,901,5
895位,,ウルフマン,みどり先輩,901,5
896位,,ウルフマン,目が回る,901,5
897位,,ウルフマン,ハムウルフ,901,5
898位,,ウルフマン,ガルフサラトガ,901,5
899位,,ウルフマン,ワンタロウ,901,5
900位,,ウィザード,七夜月,901,5
901位,,ウィザード,炎の紳士,901,5
902位,,ウィザード,GAJIRU＆REBILI,901,5
903位,,ウィザード,斗志日呂,901,5
904位,,ウィザード,相剋,901,5
905位,,ウィザード,アイリッシュ格上,901,5
906位,,ウィザード,和柄,901,5
907位,,ウィザード,Diablo01,901,5
908位,,ウィザード,LittleWind,901,5
909位,,ウィザード,支援ウィズ☆,901,5
910位,,ウィザード,オーティズ,901,5
911位,,ウィザード,アリアケ,901,5
912位,,ウィザード,将貴Ⅴ４,901,5
913位,,ウィザード,緋龍「楓」,901,5
914位,,ウィザード,Sacriy,901,5
915位,,ウィザード,肉ジャガー,901,5
916位,,ウィザード,ベルディール,901,5
917位,,ウィザード,αオデッセイα,901,5
918位,,ウィザード,黄昏ロマンス,901,5
919位,,ウィザード,あいこすぷらす,901,5
920位,,ウィザード,万事屋凛さん,901,5
921位,,ウィザード,いもん,901,5
922位,,ウィザード,WIZAA,901,5
923位,,ウィザード,DEUXERR,901,5
924位,,ウィザード,かロリー,901,5
925位,,ウィザード,カラミティエンド,901,5
926位,,ウィザード,闇の魔導師シェゾ,901,5
927位,,ウィザード,κシャルルκ,901,5
928位,,ウィザード,オサマ,901,5
929位,,ウィザード,すぃえん,901,5
930位,,ウルフマン,峻古酉,901,4
931位,,ウィザード,☆カペラ☆,901,4
932位,,ウィザード,魔法使いＺ,901,4
933位,,ウィザード,金八先生。,901,4
934位,,ウィザード,Q─wiz,901,4
935位,,ウィザード,ｻｸﾗ餅,901,4
936位,,ウィザード,虹色の魔法使い,901,4
937位,,ウィザード,コスプレ犬,901,4
938位,,ウィザード,どらみ。,901,4
939位,,ウィザード,らくだの支援,901,4
940位,,ウィザード,金色ラブリッチェ,901,4
941位,,ウィザード,－夢幻花－,901,3
942位,,ウィザード,鯉：銀氷鱗,901,3
943位,,ウィザード,MontyBurns,901,3
944位,,ウィザード,Barman,901,3
945位,,ウィザード,☆ジャンキーR☆,901,3
946位,,ウルフマン,ApeT,901,1
947位,,ウルフマン,にぎりもとじめ,901,1
948位,,ウィザード,ζsoimiζ,901,1
949位,,ウィザード,youk0,901,1
950位,,ウィザード,e_mc2,901,0
951位,,ウィザード,CoffeeBrend,901,0
952位,,ウィザード,坊太郎,901,0
953位,,ウィザード,奥間川,901,0
954位,,ウィザード,快適生活,901,0
955位,,ウィザード,SPEC．,901,0
956位,,ウルフマン,神威よた,900,5
957位,,ウルフマン,めたんがす,900,5
958位,,ウルフマン,ミュルフ,900,5
959位,,ウルフマン,ζWolf_Manζ,900,5
960位,,ウルフマン,フレイムRIG,900,5
961位,,ウルフマン,犬に小判,900,5
962位,,ウィザード,さぁ、行くぞ！,900,5
963位,,ウィザード,R_Kuma,900,5
964位,,ウィザード,えぴ蔵王子☆,900,5
965位,,ウィザード,ひでぽよ,900,5
966位,,ウィザード,∞ドラゴン∞,900,5
967位,,ウィザード,幼女97歳,900,5
968位,,ウィザード,ネルん,900,5
969位,,ウィザード,杖男爵,900,5
970位,,ウィザード,紙メテオ,900,5
971位,,ウィザード,SP－４,900,5
972位,,ウィザード,賢者くるりん,900,5
973位,,ウィザード,ζ黄昏ζ,900,5
974位,,ウィザード,琥珀μ,900,5
975位,,ウィザード,雲外蒼天♪,900,5
976位,,ウィザード,風雲月露♪,900,5
977位,,ウィザード,Detective_Kid,900,5
978位,,ウィザード,蒼穹の紅魔法師,900,5
979位,,ウィザード,INAX,900,5
980位,,ウィザード,じのくん,900,5
981位,,ウィザード,OverGather,900,5
982位,,ウィザード,＄黄昏＄,900,5
983位,,ウィザード,レムレス。,900,5
984位,,ウィザード,王国魔術師ロイ,900,5
985位,,ウィザード,約物,900,5
986位,,ウィザード,ｽﾏｰﾄﾌｧﾙｺﾝ,900,5
987位,,ウィザード,隕石落とすZE,900,5
988位,,ウィザード,∬蓮華∬,900,5
989位,,ウィザード,九衛門,900,5
990位,,ウィザード,ｓｓｌｒ,900,5
991位,,ウィザード,水砲,900,5
992位,,ウィザード,absolute_lucky,900,5
993位,,ウィザード,ぽたころ,900,5
994位,,ウィザード,さなぷり,900,5
995位,,ウィザード,黒狼フェンリル,900,5
996位,,ウィザード,アローマEX,900,5
997位,,ウィザード,∫ライム∫,900,5
998位,,ウィザード,real_crazy,900,5
999位,,ウィザード,0Asuka0,900,5
