1位,,シーフ,嘉鎌,1466,5
2位,,武道家,ミツリン,1458,5
3位,,シーフ,一枚役,1449,5
4位,,武道家,アバブ,1441,5
5位,,シーフ,シルフィードJr,1437,5
6位,,シーフ,sideattack,1426,5
7位,,武道家,刹那のソロス,1422,5
8位,,武道家,キングプー,1419,5
9位,,武道家,ネコ・ジャラシ,1412,5
10位,,武道家,アルセーヌルパン,1406,5
11位,,武道家,ユフィーナψ,1404,5
12位,,シーフ,根津甚八β,1404,5
13位,,シーフ,アルベキーナ,1403,5
14位,,武道家,ﾃｨﾃｨ＠,1397,5
15位,,武道家,指関十段,1382,5
16位,,シーフ,べルカンプ,1380,5
17位,,武道家,永琳丸,1379,5
18位,,武道家,元団長さん,1378,5
19位,,シーフ,2ndSIDE,1378,5
20位,,シーフ,TheAce,1376,5
21位,,シーフ,ξスロウξ,1375,5
22位,,武道家,ダブラット,1372,5
23位,,武道家,〜とふとふ〜,1359,5
24位,,シーフ,Liver_Fusion,1341,5
25位,,武道家,シーフ仮面,1337,5
26位,,シーフ,怪盗かず,1336,5
27位,,武道家,topgear,1324,5
28位,,武道家,жＬＡＲＫж,1319,5
29位,,武道家,モモ助,1301,5
30位,,武道家,AM宣教師,1295,5
31位,,武道家,じゃあ俺ｼﾌやるわ,1288,5
32位,,武道家,狐の盗人,1288,5
33位,,武道家,マゼ,1284,5
34位,,武道家,ｴﾐﾘｵ･ｶﾄﾚｯﾄ,1283,5
35位,,武道家,臥煙,1281,5
36位,,シーフ,JustKilling,1281,5
37位,,シーフ,Hindostan,1278,5
38位,,シーフ,あすみす,1276,5
39位,,武道家,アルマーニ♪,1273,5
40位,,武道家,♪D−cyan♪,1272,5
41位,,武道家,ぐうたライオン,1269,5
42位,,武道家,ずっさん,1268,5
43位,,シーフ,☆ロッキー☆,1261,5
44位,,武道家,苑十那,1260,5
45位,,武道家,ダンゴ虫,1259,5
46位,,シーフ,ゲット万太郎,1256,5
47位,,武道家,Luigi_Vampa,1255,5
48位,,武道家,ペペルモコ☆,1255,5
49位,,シーフ,ホワイトスターψ,1255,5
50位,,武道家,☆みい,1254,5
51位,,シーフ,orslow,1253,5
52位,,武道家,山賊猫,1250,5
53位,,武道家,☆サンセット☆,1245,5
54位,,武道家,さよなら列車,1244,5
55位,,シーフ,鼠蹊部フェチ,1241,5
56位,,シーフ,ｵｰﾙﾌﾘｰ,1240,5
57位,,武道家,西川遥輝,1239,5
58位,,シーフ,ヒママ,1232,5
59位,,武道家,あだるとばすたー,1231,5
60位,,武道家,バコダ,1226,5
61位,,シーフ,しゃぶられ屋,1226,5
62位,,シーフ,長崎奉行,1225,5
63位,,武道家,ＭＡＬＴＩ,1224,5
64位,,武道家,武宮,1223,5
65位,,武道家,かささし,1223,5
66位,,武道家,Char・Aznable,1222,5
67位,,武道家,ニコ・ハン,1221,5
68位,,シーフ,１LDK,1221,5
69位,,シーフ,でしゅの,1219,5
70位,,シーフ,神の愚者,1206,5
71位,,シーフ,☆前田慶次☆,1206,5
72位,,シーフ,国土偽装,1205,5
73位,,シーフ,ビビィー,1201,5
74位,,武道家,シン・アスカ。,1197,5
75位,,武道家,☆☆昴☆☆,1195,5
76位,,武道家,まりもGXG,1192,5
77位,,シーフ,☆ルコディオラ☆,1183,4
78位,,シーフ,KevinLyttle,1180,5
79位,,武道家,螺旋の階段,1176,5
80位,,武道家,虎介,1170,5
81位,,シーフ,シルバータイガー,1167,5
82位,,シーフ,ねこみみし〜ふ,1165,5
83位,,武道家,タンクトップくん,1164,5
84位,,武道家,ケツキック,1155,5
85位,,武道家,ミッドウェイ,1154,5
86位,,武道家,２式改,1137,5
87位,,シーフ,ｻﾜｵｽ・∀・）,1132,5
88位,,武道家,茶熊,1130,5
89位,,武道家,ルフくん,1126,5
90位,,武道家,セレディス,1125,5
91位,,武道家,GLANDBLUE,1124,5
92位,,武道家,火曜の夜9時,1119,5
93位,,武道家,よねっぴ,1118,5
94位,,武道家,ホラーズ,1115,5
95位,,シーフ,紫季,1111,5
96位,,シーフ,うっきゃー,1109,5
97位,,武道家,わたんこ,1108,5
98位,,武道家,ﾊﾞｰﾆﾝｸﾞﾌｧｲﾀｰ,1101,5
99位,,武道家,マナーを守ろう。,1098,5
100位,,武道家,ｲｲﾀﾞ,1098,5
101位,,武道家,ｲｲﾀﾞﾀﾞ,1098,5
102位,,武道家,ｲｲﾀﾞﾀﾞﾀﾞ,1098,5
103位,,武道家,あぼん☆,1090,5
104位,,武道家,紫水丸,1083,5
105位,,シーフ,ultraＱ,1082,5
106位,,武道家,ぽてちマスター☆,1081,5
107位,,武道家,きゃんだ,1078,5
108位,,武道家,シヴ☆,1078,5
109位,,シーフ,￥らっきー￥,1077,5
110位,,シーフ,のび太改,1075,5
111位,,武道家,ろびんぐ,1069,5
112位,,武道家,しゃしゃりら,1068,5
113位,,武道家,蒼海月,1060,5
114位,,武道家,イカぴっぴ,1060,5
115位,,武道家,SCHLS,1058,5
116位,,シーフ,ゴーリキー彩芽⊿,1058,5
117位,,シーフ,アジェンダ,1058,5
118位,,シーフ,甘酒ココア,1056,5
119位,,武道家,鬼太郎。,1055,5
120位,,シーフ,紅蓮の盗賊,1054,5
121位,,武道家,ShowStopper,1054,3
122位,,武道家,フミックス,1052,5
123位,,武道家,Specialized_,1050,5
124位,,武道家,鷹☆閃光刃,1049,5
125位,,武道家,Horseman,1048,5
126位,,武道家,湖底,1048,5
127位,,シーフ,彩愛,1043,5
128位,,武道家,ぬーにゃん,1039,5
129位,,シーフ,投げﾀﾞｰｸGS,1038,5
130位,,シーフ,Urio,1038,5
131位,,武道家,_天邪鬼_,1034,4
132位,,武道家,弌郎,1033,5
133位,,武道家,†Ruby,1032,5
134位,,武道家,Athleta☆彡,1032,5
135位,,シーフ,ラベル☆,1030,5
136位,,武道家,卍昔の忍者卍,1029,5
137位,,シーフ,しーたまん,1028,5
138位,,武道家,れおうるは,1024,5
139位,,シーフ,チェブラーシカ♪,1024,5
140位,,シーフ,鼠小僧,1023,5
141位,,武道家,YLsaru,1022,5
142位,,武道家,星皇,1020,5
143位,,武道家,ﾃﾞｨｰﾝ･ｳｨﾝﾁｪｽﾀｰ,1020,5
144位,,シーフ,Farren,1020,5
145位,,シーフ,桃雅♪,1019,5
146位,,シーフ,Garms,1018,5
147位,,武道家,ЯZETAR,1015,5
148位,,シーフ,ﾌﾗｯｼｭﾊﾞｯｸ2012,1015,5
149位,,シーフ,☆ロッキー２☆,1012,5
150位,,シーフ,野咲コウ,1012,5
151位,,武道家,tabashibu,1011,5
152位,,シーフ,ψ優ちゃんψ,1011,5
153位,,武道家,緋色の影,1011,1
154位,,武道家,Kate_Spade,1010,5
155位,,武道家,シューベルト☆,1008,5
156位,,武道家,リットマン,1008,5
157位,,シーフ,Windfire,1008,5
158位,,シーフ,SNOOOOPY,1008,5
159位,,武道家,ひりゅん,1007,5
160位,,武道家,ベナドリル,1006,5
161位,,武道家,money_power,1006,5
162位,,武道家,正露丸糖衣A,1005,5
163位,,武道家,梅ちゃん。,1004,5
164位,,シーフ,タイプＣ,1004,5
165位,,武道家,ｶﾗｱｹﾞonﾏｽﾀｰﾄﾞ,1003,5
166位,,武道家,†風助†,1002,5
167位,,武道家,チェスウィーール,1002,5
168位,,シーフ,TRFesta,1002,5
169位,,シーフ,奥州☆筆頭,1002,5
170位,,武道家,†黒き雷光†,1001,5
171位,,シーフ,†Kernel†,1001,5
172位,,武道家,怪盗多摩男くん,1000,5
173位,,武道家,えどっこ大将,1000,5
174位,,武道家,餅食う貝,1000,5
175位,,武道家,米ックス2世,999,5
176位,,武道家,SaGa_X,998,5
177位,,武道家,神速破壊,997,5
178位,,武道家,ルミフィ,997,5
179位,,武道家,ＢｌｕｒＤｒagon,997,5
180位,,シーフ,☆歳蔵☆,996,5
181位,,武道家,midoritaroou,995,5
182位,,武道家,テムズ川,994,5
183位,,シーフ,バーサ４,994,5
184位,,武道家,Starfy,992,5
185位,,武道家,さすらう傭兵Zin,992,0
186位,,武道家,タイプ１羅刹,991,5
187位,,シーフ,T4Ku,990,5
188位,,武道家,トレパソマソJr,989,5
189位,,武道家,ｱﾗﾌｫｰ,989,5
190位,,シーフ,ルシウス・カイン,989,5
191位,,武道家,あばぶん,988,5
192位,,武道家,イヴァルト,988,5
193位,,武道家,ミツマメ,988,5
194位,,武道家,はやて☆,988,5
195位,,武道家,errr,987,5
196位,,武道家,和楽,987,5
197位,,シーフ,TenPointⅢ,987,5
198位,,武道家,リーア♪,986,5
199位,,武道家,nyakki,984,5
200位,,武道家,斎藤さんだぞ,984,5
201位,,武道家,ろばエモン,984,5
202位,,武道家,セロリφ,984,5
203位,,シーフ,地下に駆ける,984,5
204位,,武道家,惣闇,983,5
205位,,武道家,Every6,981,5
206位,,シーフ,輝く世界の魔法,981,5
207位,,武道家,ｼﾞｬｯｸ・ﾊﾞｳﾜー,980,5
208位,,シーフ,SugarFree,980,5
209位,,シーフ,マーシャルＡ,979,5
210位,,武道家,rainiersecond,978,5
211位,,シーフ,makafee444,978,4
212位,,武道家,†☆☆剛史☆☆†,977,5
213位,,武道家,黒飛∞,977,5
214位,,武道家,杉沢村,977,5
215位,,武道家,Chiyoshi,976,5
216位,,武道家,アル～☆,976,5
217位,,武道家,オリオンスター,976,5
218位,,武道家,うぉった,975,5
219位,,武道家,anan417,975,5
220位,,武道家,☆ﾌﾞﾗｯｸ・ﾏｽｶｯﾄ☆,974,5
221位,,武道家,韋駄天☆やままる,974,5
222位,,武道家,KreuzWahrheit,974,5
223位,,武道家,しゃんぷーまん,974,4
224位,,シーフ,破幻の瞳☆朧,974,4
225位,,武道家,ミサキ☆彡,973,5
226位,,武道家,gacchans,973,5
227位,,武道家,玄斉,972,5
228位,,シーフ,緋威賭,972,5
229位,,武道家,クラーウィス,971,5
230位,,武道家,ノシロテ,971,5
231位,,武道家,皆神さくや,971,5
232位,,シーフ,崇ノ丸,971,5
233位,,武道家,高速連打,970,5
234位,,シーフ,☆アウイナイト,970,5
235位,,シーフ,fumiRSRxxx,970,5
236位,,シーフ,ボヤッキ～※,970,5
237位,,シーフ,wayout,969,5
238位,,武道家,Х操Х,968,5
239位,,武道家,adswtp,968,5
240位,,シーフ,いじゅ♂,968,5
241位,,シーフ,青光龍,968,5
242位,,武道家,贅沢食感ころろ,966,5
243位,,武道家,御暇氏,966,5
244位,,武道家,SpaceMonkey_FC,966,5
245位,,シーフ,Gatter,966,5
246位,,武道家,瞬殺の鬼,965,5
247位,,武道家,KnifeEdge,965,4
248位,,武道家,煉瓦坂,964,5
249位,,武道家,クロノフェルノ,964,5
250位,,シーフ,ケツァルトル,964,5
251位,,武道家,イコウゼ,963,5
252位,,武道家,セネカ09,963,5
253位,,武道家,ＡＬＬＩＮＯＮＥ,962,5
254位,,武道家,斧君,962,5
255位,,武道家,狂想曲：,962,5
256位,,シーフ,Crazy☆rabbit,962,5
257位,,武道家,☆源龍☆,962,4
258位,,武道家,光明くん,961,5
259位,,武道家,ｋｏｊｉ,961,5
260位,,武道家,シ☆バン！！,961,5
261位,,武道家,栗ノ従士,960,5
262位,,武道家,Atrocitus,960,5
263位,,武道家,鈍べい,960,5
264位,,武道家,kanataka,960,5
265位,,シーフ,†聖女之子†,960,5
266位,,シーフ,ナッｼｭ王子,960,5
267位,,武道家,pulse00,959,5
268位,,シーフ,ミッシング。,959,5
269位,,シーフ,のり丸くん,959,5
270位,,シーフ,partridge,959,5
271位,,シーフ,駿河の疾風,959,5
272位,,武道家,ぶどーん,958,5
273位,,武道家,blakmonburan,958,5
274位,,シーフ,サィーフ,958,5
275位,,シーフ,＠ショコラ＠,958,5
276位,,武道家,ΔファンタΔ,957,5
277位,,武道家,どらぽんブログ,957,5
278位,,武道家,Axolotl,957,5
279位,,シーフ,しゅう君。,957,5
280位,,武道家,ナッカム,956,5
281位,,武道家,ケイレス,956,5
282位,,武道家,キャップコーン,956,5
283位,,シーフ,kp61,956,5
284位,,シーフ,上条美琴Mk2,956,5
285位,,武道家,大泥棒やっちゃん,955,5
286位,,武道家,呉モヨ子,955,5
287位,,シーフ,ｽﾞｯｸﾝﾙｰｼﾞｭ,955,5
288位,,武道家,＊やっちやん＊,954,5
289位,,武道家,☆レティー,954,5
290位,,シーフ,祥雲王Ⅰ,954,5
291位,,シーフ,ぽこた店長,954,5
292位,,武道家,綾疾風,953,5
293位,,武道家,旋烈,953,5
294位,,武道家,ノラガミ,953,5
295位,,シーフ,☆剛史☆,953,5
296位,,シーフ,内助の功,953,5
297位,,シーフ,魔裟騎,953,5
298位,,シーフ,ペコス,953,5
299位,,シーフ,ダンバン,953,5
300位,,シーフ,Brian_Voss,953,0
301位,,武道家,こそ泥やっちゃん,952,5
302位,,武道家,鳥啼き魚,952,5
303位,,武道家,雪の白猫,952,5
304位,,シーフ,＄ＴＯＭＭＹ＄,952,5
305位,,武道家,ピーマン肉巻き,951,5
306位,,武道家,かささし。,951,5
307位,,武道家,ソ～ソ～,951,5
308位,,武道家,ルパン７７７世,951,5
309位,,武道家,＊アキラ＊,951,5
310位,,武道家,息子ポコ,951,5
311位,,武道家,ﾌﾞｯﾀ･ｳｫ･ﾚｰﾙ,951,5
312位,,武道家,nos2,951,5
313位,,シーフ,♪マ～ブル。。,951,5
314位,,シーフ,yutaさん,951,5
315位,,シーフ,～§衣§～,951,5
316位,,武道家,どん肌,950,5
317位,,武道家,項翼,950,5
318位,,武道家,コスモスの門徒,950,5
319位,,武道家,ж秘宝ж,950,5
320位,,シーフ,ＰＨＹＬＬＯ,950,5
321位,,武道家,Hypotension_MA,949,5
322位,,武道家,ライズTor,949,5
323位,,シーフ,天草五郎,949,5
324位,,シーフ,☆りゅうちゃん,949,5
325位,,武道家,ﾃﾞﾛﾃﾞﾛ,948,5
326位,,武道家,＠そうのすけ,948,5
327位,,武道家,（・Ω・）ｼ☆ﾊﾞﾝ,948,5
328位,,武道家,Rebolt,948,5
329位,,武道家,かんパち,948,5
330位,,武道家,おふとぅん,948,5
331位,,武道家,生イカ王子,948,5
332位,,シーフ,ヤンシシ,948,5
333位,,武道家,ウンダマン,948,3
334位,,武道家,☆ert☆,947,5
335位,,武道家,ホイキ,947,5
336位,,武道家,Claptrap,947,5
337位,,武道家,ロバート・デニ色,947,5
338位,,シーフ,エコ坊主,947,5
339位,,シーフ,阿須ー,947,5
340位,,武道家,yohgen,946,5
341位,,武道家,ﾎﾞﾝﾄﾞ,946,5
342位,,武道家,本業の休憩,946,5
343位,,シーフ,シュウタ☆,946,5
344位,,シーフ,稲穂◇信,946,4
345位,,武道家,ψGasparψ,945,5
346位,,武道家,ぽんず浩洋,945,5
347位,,武道家,zyanku,945,5
348位,,武道家,the5,945,5
349位,,シーフ,the_loner,945,5
350位,,シーフ,ダーク・アイ,945,5
351位,,シーフ,天穿,945,5
352位,,シーフ,†志穂†,945,5
353位,,武道家,天邪鬼→,945,4
354位,,武道家,birbin,944,5
355位,,武道家,☆Halfmoon☆,944,5
356位,,武道家,Lively,944,5
357位,,武道家,五味,944,5
358位,,武道家,企業紳士,944,5
359位,,武道家,蘭太郎,944,5
360位,,武道家,天風雲海,944,5
361位,,武道家,とりき,944,5
362位,,シーフ,火鍋,944,5
363位,,武道家,黄紫水仙,944,0
364位,,武道家,下総守,943,5
365位,,武道家,ぎつ影,943,5
366位,,武道家,ＡＥＲＡＳⅢ,943,5
367位,,武道家,範囲でベル,943,5
368位,,武道家,∮村山カオル∮,943,5
369位,,シーフ,†盗掘者†,943,5
370位,,シーフ,xセフィリアx,943,5
371位,,武道家,ららお,943,3
372位,,シーフ,たぬ助改,943,1
373位,,武道家,☆成龍♪,942,5
374位,,武道家,ブドウＧさん,942,5
375位,,武道家,9月の武道家,942,5
376位,,武道家,正拳の王,942,5
377位,,武道家,ウワウワの武道,942,5
378位,,武道家,アロナックス,942,5
379位,,武道家,毎日大漁,942,5
380位,,武道家,きぃ－´,942,5
381位,,武道家,ぺれん,942,5
382位,,武道家,バクライン,942,5
383位,,シーフ,たぬ助シフ,942,5
384位,,武道家,鳴神・壱番,942,4
385位,,武道家,ぬまえびお,941,5
386位,,武道家,Mr．AMIGO,941,5
387位,,武道家,３代目武の助,941,5
388位,,武道家,リョート・マチダ,941,5
389位,,武道家,たけみち,941,5
390位,,シーフ,バレット†,941,5
391位,,武道家,アキラ＠,940,5
392位,,武道家,hamukimi,940,5
393位,,武道家,アキラ３世,940,5
394位,,武道家,チャライアン,940,5
395位,,シーフ,滅華の無道,940,5
396位,,シーフ,☆Sena,940,5
397位,,シーフ,ｼｭﾄﾚｰｾﾞﾏﾝ♪,940,3
398位,,武道家,島さん,939,5
399位,,武道家,sansirou,939,5
400位,,武道家,☆MORGOTH,939,5
401位,,武道家,σ（´∀｀照）,939,5
402位,,武道家,シーブズ,938,5
403位,,武道家,青鯖最弱武神,938,5
404位,,武道家,シャドウ・レイ,938,5
405位,,武道家,はる麒,938,5
406位,,武道家,ハテルマ,938,5
407位,,武道家,ロストマンズ,938,5
408位,,シーフ,жﾛﾝｷﾞﾇｽж,938,5
409位,,シーフ,ぱなぽ改,938,5
410位,,武道家,ClintEastwood,937,5
411位,,武道家,マスカット！,937,5
412位,,武道家,ｽﾃｺﾞﾏｯｸ,937,5
413位,,武道家,ｸﾞﾘｰｸﾞ・ﾄﾞﾎﾞﾙｽｷｰ,937,5
414位,,武道家,ぽたきち,937,5
415位,,武道家,ブルーオパール,937,5
416位,,武道家,菊もん,937,5
417位,,武道家,ﾃﾞカメロン,937,5
418位,,シーフ,TRIP☆TRAP,937,5
419位,,シーフ,シフ吉,937,5
420位,,シーフ,イケメン☆シーフ,937,5
421位,,シーフ,焼鮭ほぐし,937,3
422位,,シーフ,おチビの桃,937,3
423位,,武道家,耳よろ仮面,936,5
424位,,武道家,おそ松君,936,5
425位,,武道家,シークリィル,936,5
426位,,武道家,虎來,936,5
427位,,武道家,ヤオヒコ,936,5
428位,,武道家,紫龍白虎,936,5
429位,,シーフ,エスケイパー,936,5
430位,,シーフ,松本無楽,936,5
431位,,シーフ,￡月時計￡,936,5
432位,,シーフ,タングステン電極,936,0
433位,,武道家,Ａｎｔｅｃ,935,5
434位,,武道家,Yoshi☆彡輝,935,5
435位,,武道家,はおーさん,935,5
436位,,武道家,あおさん？,935,5
437位,,武道家,ロワイアル,935,5
438位,,武道家,マオ・ルーシェン,935,5
439位,,武道家,nice害☆,935,5
440位,,シーフ,☆キャット☆,935,5
441位,,シーフ,＠卑弥,935,5
442位,,シーフ,ﾀﾞｲﾔﾓﾝﾄﾞ☆ﾑﾗｲ,935,5
443位,,武道家,かいびゃく,935,4
444位,,武道家,明日は頑張れる子,934,5
445位,,武道家,猫治郎,934,5
446位,,武道家,コブラン,934,5
447位,,武道家,全て壊すんだ,934,5
448位,,武道家,盗賊団頭,934,5
449位,,シーフ,バーサ７,934,5
450位,,シーフ,やすたん,934,5
451位,,シーフ,ｽｲｰﾄﾅｲﾌﾏｼﾞｯｸ,934,5
452位,,シーフ,兎にやさしく♪,934,5
453位,,シーフ,アカユラ,934,5
454位,,シーフ,CoolerThanMe,934,5
455位,,シーフ,djkou,934,5
456位,,武道家,シーフと武道と俺,933,5
457位,,武道家,☆Duran☆,933,5
458位,,武道家,＋イセリア＋,933,5
459位,,武道家,桜武道,933,5
460位,,武道家,シスマ_,933,5
461位,,武道家,禁止類,933,5
462位,,武道家,柳生光厳,933,5
463位,,シーフ,junkarin,933,5
464位,,シーフ,もにゃお,933,5
465位,,シーフ,栗式次郎,933,5
466位,,シーフ,しふもふ3号,933,5
467位,,シーフ,さうき,933,4
468位,,シーフ,ムン・ジェイン,933,1
469位,,武道家,ヘルウェイツ9,933,0
470位,,武道家,Ⅹ影陣Ⅹ,932,5
471位,,武道家,☆†天晴†☆,932,5
472位,,武道家,クールな甘党盗賊,932,5
473位,,武道家,カノア。,932,5
474位,,武道家,ⅹビンスケⅹ,932,5
475位,,武道家,MGCC003,932,5
476位,,武道家,魔乳大明神,932,5
477位,,武道家,KoCoRo,932,5
478位,,武道家,＝シド＝,932,5
479位,,武道家,デルマアヌビス,932,5
480位,,シーフ,飛雷龍神,932,5
481位,,シーフ,まちゅかた,932,5
482位,,シーフ,絢爛美酒,932,5
483位,,シーフ,柳生の影武者,932,5
484位,,シーフ,うえたまん,932,5
485位,,シーフ,朱右衛門,932,5
486位,,武道家,笑腹亭,932,4
487位,,武道家,gnnki,932,4
488位,,武道家,こだて☆,932,4
489位,,武道家,samehadaboy,932,2
490位,,武道家,カルツォーネ,931,5
491位,,武道家,あらかぜ,931,5
492位,,武道家,涼君７,931,5
493位,,武道家,アイン・グラム,931,5
494位,,武道家,くもちん☆,931,5
495位,,シーフ,ブラウンロブスタ,931,5
496位,,シーフ,がにょ,931,5
497位,,シーフ,うりちゃん,931,4
498位,,武道家,looxⅡ,930,5
499位,,武道家,男一匹,930,5
500位,,武道家,pmam03,930,5
501位,,武道家,_はたけカカシ_,930,5
502位,,武道家,陸奥伊織,930,5
503位,,武道家,☆コキュートス☆,930,5
504位,,武道家,大きな赤ちゃん,930,5
505位,,武道家,雷電ー零,930,5
506位,,武道家,†鎧袖一触†,930,5
507位,,武道家,かおちゃマン♪,930,5
508位,,武道家,YouNoka,930,5
509位,,武道家,プリン社長,930,5
510位,,シーフ,serts,930,5
511位,,シーフ,クリノシューG,930,5
512位,,シーフ,せろりんね,930,5
513位,,シーフ,菊ー文字,930,5
514位,,武道家,えいやぁーとぉー,930,2
515位,,武道家,蹴りデン,929,5
516位,,武道家,琴ちゃ,929,5
517位,,武道家,LEφＮ,929,5
518位,,武道家,Rosenkreuzer,929,5
519位,,武道家,kibamaru,929,5
520位,,武道家,BergKatze,929,5
521位,,武道家,toranosuke0,929,5
522位,,シーフ,オバ様,929,5
523位,,シーフ,ケイト・B´,929,5
524位,,シーフ,SaGa_V,929,5
525位,,シーフ,AC_Cobra,929,5
526位,,シーフ,Rio2016,929,5
527位,,シーフ,弱っちぃ妖精,929,5
528位,,シーフ,§シーフナイト§,929,5
529位,,武道家,≫ロイヤル≪,928,5
530位,,武道家,bub33,928,5
531位,,武道家,弍式炎雷,928,5
532位,,武道家,ろくしたん,928,5
533位,,武道家,達郎君,928,5
534位,,武道家,ルゴラ,928,5
535位,,武道家,ＳＫＳＫＳＫ,928,5
536位,,武道家,ｳﾞｧﾘｱﾝ,928,5
537位,,シーフ,。むぎちゃ,928,5
538位,,シーフ,pottar,928,5
539位,,シーフ,Constantinvs,928,5
540位,,シーフ,カンダタこぶん,928,4
541位,,武道家,ｴﾝﾌﾞﾚﾑﾌﾞﾗｯｸ,928,0
542位,,シーフ,たぬ武道,928,0
543位,,武道家,主夫頑張ってます,927,5
544位,,武道家,真夏の氷雨,927,5
545位,,武道家,ヘルンケルン,927,5
546位,,武道家,銀治郎,927,5
547位,,武道家,_夜兎_,927,5
548位,,シーフ,ゆる☆,927,5
549位,,シーフ,まっしゅん,927,5
550位,,シーフ,ユキポン♪,927,4
551位,,シーフ,§Rizz§,927,4
552位,,シーフ,tanzou,927,3
553位,,武道家,吼狼,926,5
554位,,武道家,わんわんこさん,926,5
555位,,武道家,デスタロッサ,926,5
556位,,武道家,21℃,926,5
557位,,武道家,（｀・ρ・）,926,5
558位,,武道家,パロ☆,926,5
559位,,武道家,Tour_Sharan,926,5
560位,,武道家,天動３型,926,5
561位,,武道家,赤海老。,926,5
562位,,武道家,Nana_ka,926,5
563位,,武道家,若島Ⅱ,926,5
564位,,武道家,魂のランク,926,5
565位,,武道家,ぱるしぇん,926,5
566位,,武道家,本・D,926,5
567位,,シーフ,橘屋左近,926,5
568位,,シーフ,カルDX,926,5
569位,,シーフ,キハダマグロ,926,5
570位,,シーフ,バブロン,926,5
571位,,シーフ,栗之式部,926,5
572位,,シーフ,龍井,926,5
573位,,武道家,_kitosan_,926,4
574位,,武道家,thief_energy,925,5
575位,,武道家,4bro,925,5
576位,,武道家,LancelotDuLac,925,5
577位,,武道家,単戦舞,925,5
578位,,武道家,怪人十二面相,925,5
579位,,武道家,武神の手先,925,5
580位,,武道家,†トリスタン†,925,5
581位,,武道家,77サンセット,925,5
582位,,武道家,ｽﾄﾗﾃﾞｨﾊﾞﾘｳｽ,925,5
583位,,武道家,☆怪盗ｼﾙﾋﾞｰ☆,925,5
584位,,武道家,まるまろ08,925,5
585位,,武道家,黒猫トマト,925,5
586位,,シーフ,§暁,925,5
587位,,シーフ,RamsBottom,925,5
588位,,シーフ,響け！黒ﾀﾝﾘｽﾞﾑ♪,925,5
589位,,シーフ,モテヲ,925,5
590位,,武道家,らいとうヤ,925,4
591位,,武道家,鉋切長光,925,4
592位,,シーフ,【宝】箱明太郎,925,4
593位,,シーフ,銀虎ST,925,4
594位,,シーフ,聖岳,925,0
595位,,武道家,ロヴェ,924,5
596位,,武道家,ソーダ。,924,5
597位,,武道家,ガイルi,924,5
598位,,武道家,セルロア,924,5
599位,,武道家,ミニロバ,924,5
600位,,武道家,type－0,924,5
601位,,武道家,Ψ次元大介Ψ,924,5
602位,,武道家,迷走レヒレ,924,5
603位,,武道家,ガボン,924,5
604位,,武道家,TubeScreamer,924,5
605位,,武道家,はまじ２,924,5
606位,,武道家,Ｌ５,924,5
607位,,武道家,たーちょ,924,5
608位,,武道家,＊銀魂＊,924,5
609位,,シーフ,飯の倉サハラ,924,5
610位,,シーフ,エフィレノ,924,5
611位,,シーフ,浮気雲,924,5
612位,,シーフ,蛇鷹,924,5
613位,,シーフ,hama10,924,5
614位,,シーフ,♪モモリン♪,924,5
615位,,武道家,†空蓮†,924,4
616位,,武道家,アランドコイル,924,4
617位,,シーフ,未来五郎,924,4
618位,,シーフ,寛太楼,924,3
619位,,シーフ,道玄坂武蔵,924,1
620位,,武道家,ⅹびんⅹ,923,5
621位,,武道家,快楽教教主ｸﾞｳﾞｨｰ,923,5
622位,,武道家,しおかぜ,923,5
623位,,武道家,メトホルミン,923,5
624位,,武道家,とんかつKYK,923,5
625位,,武道家,なでしこ☆,923,5
626位,,武道家,孔臻,923,5
627位,,武道家,マルシブ,923,5
628位,,シーフ,華羅須,923,5
629位,,シーフ,怪盗キッド。,923,5
630位,,シーフ,メイラン＋,923,5
631位,,シーフ,LUCENTE,923,5
632位,,武道家,もぶお,923,4
633位,,シーフ,箱浅蜊,923,4
634位,,シーフ,銀虎ＳＴ,923,4
635位,,武道家,住処,922,5
636位,,武道家,閲覧注意！,922,5
637位,,武道家,にんにく醤油,922,5
638位,,武道家,７式,922,5
639位,,武道家,きまぐれ猫,922,5
640位,,武道家,キリト♪♪,922,5
641位,,武道家,混沌ハムスター,922,5
642位,,武道家,toaim55,922,5
643位,,武道家,かおちゃマン。,922,5
644位,,武道家,・・銀ちゃん・・,922,5
645位,,シーフ,殴リ盗人？,922,5
646位,,シーフ,ﾁﾘﾁﾘ3連,922,5
647位,,シーフ,ﾒｲﾄﾞﾉﾐﾔｹﾞﾆｵｼｴﾃﾔﾙ,922,5
648位,,シーフ,ヤワッチイ奴,922,5
649位,,シーフ,DANG3,922,5
650位,,シーフ,ｱﾝﾀﾞﾇｽ,922,5
651位,,シーフ,カルルン,922,5
652位,,シーフ,はんなりとうふ,922,5
653位,,武道家,スーパーテンツク,922,4
654位,,武道家,椿屋の源,922,4
655位,,武道家,SENKUU,922,4
656位,,武道家,最果ての旅路,922,4
657位,,シーフ,ﾋﾟｭｰﾋﾟｭｰﾎﾟｺﾎﾟｺ,922,4
658位,,シーフ,銀虎１１,922,4
659位,,シーフ,後光吉宗,922,4
660位,,武道家,シルウィ・アレス,922,3
661位,,武道家,☆ﾏｷﾛﾝ☆,922,1
662位,,武道家,ビオレハマー,921,5
663位,,武道家,LURU,921,5
664位,,武道家,Aquamarine♪,921,5
665位,,武道家,ｶｰﾚﾙ・ｸﾘｻﾘｽ,921,5
666位,,武道家,shio000,921,5
667位,,武道家,☆エフリコキ☆,921,5
668位,,武道家,狛治,921,5
669位,,武道家,黒脚パクチー,921,5
670位,,武道家,ＬＥＤライト,921,5
671位,,武道家,しゅがーしーふ,921,5
672位,,武道家,くろエリ,921,5
673位,,武道家,抹茶クッキー,921,5
674位,,武道家,ユッティーα,921,5
675位,,武道家,鬼滅の拳,921,5
676位,,武道家,雪男,921,5
677位,,シーフ,ぎんたくん,921,5
678位,,シーフ,元てつ,921,5
679位,,シーフ,ながらサ行,921,5
680位,,シーフ,††飛影††,921,5
681位,,シーフ,aki71,921,5
682位,,シーフ,道産子３,921,5
683位,,シーフ,vezel,921,5
684位,,武道家,ジャッキーチャン,921,4
685位,,シーフ,§桜満集§,921,4
686位,,武道家,∮螺旋∮,921,3
687位,,シーフ,Ｊｒ銀虎,921,3
688位,,シーフ,アテンダント,921,1
689位,,武道家,武仂,921,0
690位,,武道家,野菜人β,921,0
691位,,武道家,ミーパイ,920,5
692位,,武道家,エミリオ☆,920,5
693位,,武道家,仮に童貞だとする,920,5
694位,,武道家,夕日の雫,920,5
695位,,武道家,風武道家,920,5
696位,,武道家,いきものがかり☆,920,5
697位,,武道家,佐藤明,920,5
698位,,武道家,♪ruru☆,920,5
699位,,武道家,Noｉsetune,920,5
700位,,武道家,ぽん太♪,920,5
701位,,武道家,助手さん,920,5
702位,,武道家,『MYA』,920,5
703位,,シーフ,ルパン123世,920,5
704位,,シーフ,♂ｼﾌｸﾝ♂,920,5
705位,,シーフ,ネコ・マタタビ,920,5
706位,,シーフ,スサノヲ,920,5
707位,,シーフ,いぐっちゅ,920,5
708位,,シーフ,マルチェロ２世,920,5
709位,,シーフ,lonelygambler,920,5
710位,,シーフ,∮ベルガモット∮,920,5
711位,,シーフ,ダウ＄,920,5
712位,,シーフ,プレストルーラー,920,5
713位,,武道家,♪てれきゃす,920,4
714位,,武道家,ふるさと葡萄,920,4
715位,,武道家,もぶっち,920,4
716位,,シーフ,йピカチュウй,920,4
717位,,シーフ,銀虎ｓｔ９,920,4
718位,,武道家,すごいロリコン,920,3
719位,,武道家,☆海賊～☆,920,2
720位,,武道家,っつつつ,919,5
721位,,武道家,Ｌｕｃｉｅｎ,919,5
722位,,武道家,しふやーん,919,5
723位,,武道家,令和イチロー,919,5
724位,,武道家,ﾗｲｰｽﾞ,919,5
725位,,武道家,Tartine,919,5
726位,,武道家,地下Ａ,919,5
727位,,武道家,マリネール６世,919,5
728位,,武道家,monorogu,919,5
729位,,武道家,じにぃＲＸ,919,5
730位,,武道家,hirorist,919,5
731位,,武道家,あるみかん。,919,5
732位,,シーフ,kenny☆,919,5
733位,,シーフ,ЖエルЖⅣ,919,5
734位,,シーフ,☆sanrise☆,919,5
735位,,シーフ,忍者みかりん☆,919,5
736位,,シーフ,贄神の左腕,919,5
737位,,シーフ,☆☆†ﾀﾞｰｸ†☆☆,919,4
738位,,シーフ,あういぇ！,919,4
739位,,武道家,げんちょく,919,3
740位,,武道家,ダーク・ソウル,919,1
741位,,武道家,WolfgangKrauser,918,5
742位,,武道家,Ｍｒ．２１,918,5
743位,,武道家,とまとヨーヨー,918,5
744位,,武道家,mon23,918,5
745位,,武道家,南斗DEN,918,5
746位,,武道家,にゃんた。,918,5
747位,,武道家,極限全力,918,5
748位,,武道家,純度は24金,918,5
749位,,武道家,秘宝＠武道ﾋﾟｸﾐﾝ,918,5
750位,,武道家,隆浩,918,5
751位,,武道家,picowaros,918,5
752位,,武道家,BlackThunder,918,5
753位,,シーフ,千輪菊,918,5
754位,,シーフ,ф来夢ф,918,5
755位,,シーフ,暗黒者アルデバラ,918,5
756位,,武道家,シフしげるくん,918,4
757位,,シーフ,かんたマン,918,4
758位,,シーフ,☆ミ夢の妖精,918,4
759位,,武道家,マサマサｙ,918,3
760位,,武道家,ﾀﾝﾄﾞﾘｰチキン,918,3
761位,,武道家,たぉくん,918,3
762位,,武道家,はこ°,918,2
763位,,武道家,きびだんこ,918,0
764位,,シーフ,盗賊王ｊｏｌｊｏ,918,0
765位,,武道家,syugosinnnnn,917,5
766位,,武道家,Alelu,917,5
767位,,武道家,がるもとサン,917,5
768位,,武道家,ぽんぽこたん,917,5
769位,,武道家,もさもさＤＸ,917,5
770位,,武道家,Pedestal,917,5
771位,,武道家,【HMB】,917,5
772位,,武道家,ルメイ☆,917,5
773位,,武道家,プロッタ,917,5
774位,,武道家,ギルヴァイス_2,917,5
775位,,武道家,とんかつマスター,917,5
776位,,シーフ,∬チャッピー∬,917,5
777位,,シーフ,ナイスアジチャ,917,5
778位,,シーフ,任侠ﾍﾙﾊﾟｰ,917,5
779位,,シーフ,忍極,917,5
780位,,シーフ,ヘイ君_武道家,917,4
781位,,シーフ,がうる♪,917,4
782位,,武道家,GTO21,917,3
783位,,武道家,ファラミア☆,917,1
784位,,武道家,NANBU_,917,0
785位,,武道家,ぐす武道00,917,0
786位,,シーフ,Boffina,917,0
787位,,武道家,埴輪土偶,916,5
788位,,武道家,新型コロネ,916,5
789位,,武道家,りぽDｘ,916,5
790位,,武道家,元気なカエル,916,5
791位,,武道家,ランディウス大使,916,5
792位,,武道家,銘菓襲名家,916,5
793位,,武道家,エコ太郎,916,5
794位,,武道家,チャンプ君,916,5
795位,,武道家,Richthofen,916,5
796位,,武道家,和之丞,916,5
797位,,武道家,ロボガメラ,916,5
798位,,武道家,ディン☆☆,916,5
799位,,武道家,ろんげJr,916,5
800位,,武道家,Junior_,916,5
801位,,武道家,10年前の晩御飯,916,5
802位,,武道家,バルティゴ,916,5
803位,,武道家,ニーノ・リョンヌ,916,5
804位,,武道家,blue_hour,916,5
805位,,武道家,ズリーセン,916,5
806位,,武道家,ﾏｽﾀｰ・ﾖｰｶﾞ,916,5
807位,,シーフ,倒影,916,5
808位,,シーフ,ψジェットψ,916,5
809位,,シーフ,アイセイ,916,5
810位,,シーフ,のりから明太,916,5
811位,,シーフ,めるみかん,916,5
812位,,シーフ,ネピュラの雫,916,5
813位,,シーフ,しふもふ,916,4
814位,,シーフ,kazzyⅥ,916,4
815位,,武道家,とんずらシーフ,916,3
816位,,武道家,ЖローЖ,916,3
817位,,シーフ,L3_VDT,916,3
818位,,武道家,ダージリン☆,916,1
819位,,シーフ,☆さるとび☆,916,1
820位,,武道家,まぐかっぷりん,916,0
821位,,シーフ,￥高＄安,916,0
822位,,武道家,Evaris☆,915,5
823位,,武道家,479083,915,5
824位,,武道家,ネオネオ１１１０,915,5
825位,,武道家,RED_KING,915,5
826位,,武道家,MercyCarlisle,915,5
827位,,武道家,テレキャスター,915,5
828位,,武道家,1000円だっけ？,915,5
829位,,武道家,ボトムキラー,915,5
830位,,武道家,今夜は飲み会,915,5
831位,,武道家,最強の武道家JOJO,915,5
832位,,武道家,hanekawa_tsubasa,915,5
833位,,武道家,RScruel,915,5
834位,,武道家,ハリス・N,915,5
835位,,武道家,キビシ,915,5
836位,,武道家,ｗ＠ｖ＠ｗ,915,5
837位,,武道家,Suiso_,915,5
838位,,シーフ,Martini☆,915,5
839位,,シーフ,§ピークン§,915,5
840位,,シーフ,けいれす,915,5
841位,,シーフ,タイプ蜜蜂,915,5
842位,,シーフ,えこだ島人,915,5
843位,,シーフ,プレイボ～イ,915,5
844位,,シーフ,がしら,915,5
845位,,シーフ,xまさひろx,915,5
846位,,シーフ,スラッシュ３,915,5
847位,,シーフ,ディネバン,915,5
848位,,シーフ,ｲｰｸﾞﾙ・ﾋﾞｼﾞｮﾝ,915,5
849位,,シーフ,シルジア,915,5
850位,,シーフ,森羅万象の理,915,5
851位,,武道家,愛知県民GDX_改,915,4
852位,,武道家,万華鏡♪,915,4
853位,,武道家,われぴ,915,4
854位,,武道家,ｳﾒﾎﾞｼﾀﾍﾞﾃｽｯﾊﾟﾏﾝ,915,4
855位,,シーフ,赤黄色の金木犀,915,4
856位,,シーフ,おされ泥棒,915,4
857位,,武道家,涅色に沈む,915,3
858位,,シーフ,銀虎ＰＴ２,915,3
859位,,武道家,バチブーン,914,5
860位,,武道家,☆ReCYCLE☆,914,5
861位,,武道家,キース・モリソン,914,5
862位,,武道家,獅子王たちの夏,914,5
863位,,武道家,猫パンチ究極剣,914,5
864位,,武道家,愛の盗み人,914,5
865位,,武道家,ﾘﾌﾟﾘｰ,914,5
866位,,武道家,らふぁさん,914,5
867位,,武道家,マインディエ,914,5
868位,,武道家,ありばば,914,5
869位,,武道家,†QUWROF†,914,5
870位,,武道家,とっぷ,914,5
871位,,武道家,レイダウンⅡ,914,5
872位,,武道家,チーム,914,5
873位,,武道家,アウトランダーβ,914,5
874位,,武道家,〆伝〆,914,5
875位,,武道家,ｲﾝｸﾊｰﾄ,914,5
876位,,武道家,Ars_Magna,914,5
877位,,シーフ,shigku,914,5
878位,,シーフ,カモミールティー,914,5
879位,,シーフ,￡バルデス￡,914,5
880位,,シーフ,汚物まみれ,914,5
881位,,シーフ,卍ファーブル卍,914,5
882位,,シーフ,ゾロ十郎,914,5
883位,,シーフ,ＥＸＡＣＴ,914,5
884位,,シーフ,冬の梅子♪,914,5
885位,,武道家,一来,914,4
886位,,武道家,ノイさん,914,4
887位,,武道家,ｺﾞｰｼｭ・ｽｴｰﾄﾞ,914,4
888位,,武道家,☆暁の雫☆,914,3
889位,,武道家,ヴァイローチャナ,914,2
890位,,武道家,私の名前はおっぱ,914,2
891位,,シーフ,カッキーン,914,1
892位,,武道家,黒恐妻家,914,0
893位,,武道家,†朝神†,913,5
894位,,武道家,§DhIRaS§,913,5
895位,,武道家,Glastheim,913,5
896位,,武道家,PowerPoint,913,5
897位,,武道家,雑貨店ﾊﾞｲﾄﾘｰﾀﾞｰ,913,5
898位,,武道家,ダーー！,913,5
899位,,武道家,ぶりみあ,913,5
900位,,武道家,前田眞,913,5
901位,,武道家,パム太,913,5
902位,,武道家,コソロロ,913,5
903位,,武道家,とにちく,913,5
904位,,武道家,モノクロのキスゞ,913,5
905位,,武道家,TiPiPi_Th,913,5
906位,,武道家,DiversionS,913,5
907位,,武道家,T・９９９９,913,5
908位,,武道家,evoli,913,5
909位,,武道家,らぅりぃ・α,913,5
910位,,シーフ,予断,913,5
911位,,シーフ,えこだ＠,913,5
912位,,シーフ,神秘の波伝説,913,5
913位,,シーフ,プレッサー,913,5
914位,,シーフ,ドラ２,913,5
915位,,シーフ,キルマ☆,913,5
916位,,シーフ,MaronGrase,913,5
917位,,シーフ,†VANESSA†,913,5
918位,,シーフ,†夜桜っち†,913,5
919位,,シーフ,風影の我愛羅,913,5
920位,,シーフ,月夜の隠者,913,5
921位,,シーフ,サンポロ,913,5
922位,,シーフ,キルキヌス,913,5
923位,,武道家,¶sirokuro¶,913,4
924位,,シーフ,たけみゃ,913,4
925位,,シーフ,ラクロア,913,4
926位,,シーフ,銀虎ＰＴ９,913,4
927位,,シーフ,アウストリヌス,913,4
928位,,武道家,武士道精神,913,3
929位,,武道家,micya－武,913,3
930位,,シーフ,庄福,913,2
931位,,シーフ,しゅんぼん,913,2
932位,,シーフ,偽りの覇者,913,0
933位,,武道家,νDIWALIν,912,5
934位,,武道家,HEART♪,912,5
935位,,武道家,☆凍月,912,5
936位,,武道家,ピンクのカエル,912,5
937位,,武道家,ひろし1,912,5
938位,,武道家,ヴァンガル,912,5
939位,,武道家,ニコ星,912,5
940位,,武道家,M4g0,912,5
941位,,武道家,mina0002,912,5
942位,,武道家,M０００N,912,5
943位,,武道家,さるよし,912,5
944位,,武道家,試作品ですねん,912,5
945位,,武道家,Sea_slug,912,5
946位,,武道家,とうしつ,912,5
947位,,武道家,william☆h,912,5
948位,,シーフ,Griselbrand,912,5
949位,,シーフ,義もも氏,912,5
950位,,シーフ,SolfJ･Kimblee,912,5
951位,,シーフ,徳川家康Ⅱ,912,5
952位,,シーフ,Fleuret,912,5
953位,,シーフ,ＧＤ用,912,5
954位,,シーフ,KillTake,912,5
955位,,シーフ,クシロン,912,5
956位,,シーフ,シーフっぽい,912,5
957位,,武道家,リオン・エフィル,912,4
958位,,武道家,巳哉,912,4
959位,,シーフ,ファーブの隠し子,912,4
960位,,シーフ,ちゃこがえる,912,4
961位,,武道家,bub99,912,3
962位,,武道家,オラつきマスター,912,3
963位,,武道家,alonewolf,912,2
964位,,シーフ,デビルマンR,912,2
965位,,武道家,吃逆,912,0
966位,,武道家,Ａ・カレリン,911,5
967位,,武道家,海洋冒険家,911,5
968位,,武道家,ortias,911,5
969位,,武道家,Jackall,911,5
970位,,武道家,蒼い旅,911,5
971位,,武道家,りひてぃ,911,5
972位,,武道家,KIMETSUNOJOJO,911,5
973位,,武道家,ﾗﾌﾈｯｸ・ﾓﾆﾀｰ,911,5
974位,,武道家,KingdomHeartsⅡ,911,5
975位,,武道家,ｱｲｻﾞｯｸ・ﾆｭｰﾄン,911,5
976位,,武道家,‡HELIOS‡,911,5
977位,,武道家,Ⅹ八咫烏Ⅹ,911,5
978位,,武道家,gerry,911,5
979位,,武道家,Χ遊多Χ,911,5
980位,,武道家,自称最強_,911,5
981位,,武道家,あられDX,911,5
982位,,武道家,BIKEY,911,5
983位,,武道家,†蒼天疾駆†,911,5
984位,,武道家,Ｔｈａｔ’ｓ,911,5
985位,,武道家,DRAGON_FLY,911,5
986位,,武道家,漢の拳,911,5
987位,,武道家,鳩ダイヤル,911,5
988位,,武道家,プリン課長,911,5
989位,,シーフ,ゆあん旅行,911,5
990位,,シーフ,狛狼牙,911,5
991位,,シーフ,黒虎ちゃん,911,5
992位,,シーフ,ハンズィール,911,5
993位,,シーフ,ニコ‐ロビン,911,5
994位,,シーフ,ﾃｷｰﾗ･ｻﾝﾗｲｽﾞ,911,5
995位,,シーフ,25カスティーヨ,911,5
996位,,武道家,カラドラ,911,4
997位,,武道家,Ryzu,911,4
998位,,シーフ,コッコくん,911,4
999位,,シーフ,イヒ牛勿言吾,911,4
