1位,,黒魔術師,アーリア。,1605,5
2位,,メイド,ぱいぱいぺちゃ美,1552,5
3位,,黒魔術師,闇卵,1503,5
4位,,メイド,つばきひめ,1500,5
5位,,黒魔術師,£Gazelle,1447,5
6位,,黒魔術師,メロメロイド,1418,5
7位,,黒魔術師,黄金のパイン,1410,5
8位,,黒魔術師,ψ芽亜ψ,1392,5
9位,,黒魔術師,valr＿D,1375,5
10位,,黒魔術師,EscapedRabbit,1371,5
11位,,黒魔術師,йメイй,1326,5
12位,,黒魔術師,雪野凜檎,1322,5
13位,,黒魔術師,ひらぺん,1302,5
14位,,黒魔術師,鬼一家の黒魔,1284,5
15位,,黒魔術師,いぼのじろう,1279,5
16位,,黒魔術師,狼妖,1275,5
17位,,黒魔術師,アマランテ,1272,5
18位,,黒魔術師,asnon,1270,5
19位,,黒魔術師,FrouFrou,1264,5
20位,,黒魔術師,ループド,1264,5
21位,,黒魔術師,トケンカ_柘榴,1259,5
22位,,黒魔術師,準備運動で骨折,1259,5
23位,,黒魔術師,SonChaeYoung,1258,5
24位,,黒魔術師,Rel2,1256,5
25位,,黒魔術師,闇堕ち,1254,5
26位,,黒魔術師,えむはげK,1254,5
27位,,黒魔術師,セフィナ。,1253,5
28位,,黒魔術師,【EGOIST】,1252,5
29位,,メイド,marinin,1244,5
30位,,黒魔術師,ふに゜,1243,5
31位,,黒魔術師,みぃどりん,1237,5
32位,,黒魔術師,結城希亜,1226,5
33位,,黒魔術師,meden,1220,5
34位,,黒魔術師,†ロビン,1214,5
35位,,黒魔術師,GESOU,1214,5
36位,,黒魔術師,日影アゲハ,1214,5
37位,,黒魔術師,ヴァシリッサ,1210,5
38位,,メイド,マッドストーム,1202,5
39位,,黒魔術師,あざといたぬき,1201,5
40位,,黒魔術師,みるきちん,1200,5
41位,,黒魔術師,そっきん,1188,5
42位,,黒魔術師,あの日見た夕日,1181,5
43位,,黒魔術師,exiatence4,1172,5
44位,,黒魔術師,小さいねろ,1172,5
45位,,黒魔術師,αカロテン,1170,5
46位,,黒魔術師,リュミルア,1165,5
47位,,メイド,てへ☆ぺろ,1157,5
48位,,黒魔術師,StellaNigra,1150,5
49位,,黒魔術師,（・ー・３３,1146,5
50位,,黒魔術師,紫りのん,1138,5
51位,,黒魔術師,Lime。,1133,5
52位,,黒魔術師,黒魔さん,1131,5
53位,,黒魔術師,せぷてんばー,1130,5
54位,,黒魔術師,ChateauMargaux,1120,5
55位,,黒魔術師,HEXs,1119,5
56位,,黒魔術師,帽子屋ちゃま,1118,5
57位,,黒魔術師,眼鏡はいいぞ,1115,5
58位,,黒魔術師,黒蒼穹,1111,5
59位,,黒魔術師,三船美優,1110,5
60位,,黒魔術師,餃子魔,1095,5
61位,,黒魔術師,雪羽2号,1082,5
62位,,黒魔術師,角巻わためぇ,1071,5
63位,,黒魔術師,felmo,1071,5
64位,,黒魔術師,CandySweet2,1064,5
65位,,黒魔術師,ふるぅりぃ,1064,5
66位,,黒魔術師,路地裏の少女,1061,5
67位,,黒魔術師,ﾆｺ・ロビン,1060,5
68位,,黒魔術師,花由良,1053,5
69位,,黒魔術師,ただの案山子,1050,5
70位,,黒魔術師,Airoh,1045,5
71位,,メイド,メイドくるりん,1045,5
72位,,メイド,あーてぃ。,1041,5
73位,,メイド,Bいど,1041,5
74位,,黒魔術師,楽々☆,1038,5
75位,,黒魔術師,すてみ,1038,5
76位,,黒魔術師,天翔�V龍閃,1035,5
77位,,黒魔術師,Ahri,1035,5
78位,,黒魔術師,怜蘭,1030,5
79位,,黒魔術師,冥王リン,1030,2
80位,,黒魔術師,‐NightWitch‐,1029,5
81位,,黒魔術師,ハナピ,1028,5
82位,,黒魔術師,なーりー,1027,5
83位,,黒魔術師,♪BEVEL♪,1025,5
84位,,黒魔術師,アガットクイーン,1023,5
85位,,黒魔術師,ﾟVﾟ.,1021,5
86位,,メイド,麻李亜,1021,5
87位,,黒魔術師,Gelidium,1017,5
88位,,黒魔術師,くろねこのて,1016,5
89位,,黒魔術師,おしぐ,1014,5
90位,,黒魔術師,タナト,1013,5
91位,,黒魔術師,掃除係,1012,5
92位,,黒魔術師,ねこじゅつし,1008,5
93位,,黒魔術師,ゆきのみず,1006,5
94位,,黒魔術師,Bebe☆黒魔術師,1005,5
95位,,黒魔術師,diid,1004,5
96位,,黒魔術師,おとちゃん,1004,5
97位,,黒魔術師,あぉ,1004,4
98位,,黒魔術師,チーター山内,1003,5
99位,,メイド,こはきゅん。,1003,5
100位,,黒魔術師,Evelina,1002,5
101位,,黒魔術師,サシャブラウス,1002,5
102位,,黒魔術師,SK・NON,1001,5
103位,,黒魔術師,ほむぅママ,1001,5
104位,,黒魔術師,＄R1M,1001,5
105位,,黒魔術師,紅魔族めぐ,1001,5
106位,,黒魔術師,kuromasan！,1001,5
107位,,黒魔術師,GoldExWorld2022,1001,5
108位,,黒魔術師,ヘルメルナ,1001,5
109位,,黒魔術師,あまのがわ,1001,5
110位,,黒魔術師,奏音かのん,1001,5
111位,,メイド,家政婦ぷーちゃん,1001,5
112位,,メイド,きんしろ,1001,3
113位,,黒魔術師,黒魔くるりん,1000,5
114位,,黒魔術師,mainon,1000,5
115位,,黒魔術師,Helga_Nacha,1000,5
116位,,黒魔術師,EinherjarNigledo,1000,5
117位,,黒魔術師,黒あんちゃ,1000,5
118位,,黒魔術師,釣られないクマー,1000,5
119位,,黒魔術師,神と旋律,1000,5
120位,,黒魔術師,黒rinjo,1000,5
121位,,黒魔術師,わかりみがふかい,1000,5
122位,,黒魔術師,カロテン２号機,1000,5
123位,,黒魔術師,たんぬんぬ,1000,5
124位,,黒魔術師,NAYEON,1000,5
125位,,黒魔術師,ゆんみん,1000,5
126位,,黒魔術師,マッスルさいとう,1000,5
127位,,黒魔術師,ナクシャ,1000,5
128位,,黒魔術師,＄金剛石＄,1000,5
129位,,黒魔術師,しらたま団子ＬＬ,1000,5
130位,,メイド,なまる,1000,5
131位,,黒魔術師,しぐれうい。,1000,3
132位,,黒魔術師,桃喰リリカ,999,5
133位,,メイド,やみりえ,998,0
134位,,黒魔術師,UnrealColor,994,5
135位,,黒魔術師,お前が働け,993,5
136位,,メイド,べホイミ,992,5
137位,,黒魔術師,おこの姫,989,5
138位,,黒魔術師,神賢勝負,988,5
139位,,黒魔術師,さきか,988,5
140位,,黒魔術師,まろしば,987,5
141位,,黒魔術師,天＿黒,985,5
142位,,黒魔術師,ポップピップ,985,5
143位,,黒魔術師,ひろぽんmaid,983,5
144位,,黒魔術師,フォルメンテーラ,982,5
145位,,黒魔術師,桃花狼,981,5
146位,,黒魔術師,あるじさまぁ♪,980,5
147位,,黒魔術師,淡紅,978,5
148位,,黒魔術師,メイチュ,977,5
149位,,黒魔術師,ファルサリア,973,5
150位,,メイド,suppliant,973,5
151位,,黒魔術師,Coolish♪,971,5
152位,,黒魔術師,ふらりん,970,5
153位,,黒魔術師,Haver,969,5
154位,,黒魔術師,りば,966,5
155位,,黒魔術師,グランゼ,966,5
156位,,メイド,Vipsania,966,5
157位,,黒魔術師,おけけパワー中島,965,3
158位,,黒魔術師,☆utaha☆,964,5
159位,,メイド,もぉ〜たん♪,964,5
160位,,黒魔術師,内憂外患,963,5
161位,,黒魔術師,黒球爆発ﾄﾞｯｺｲｼｮ,963,5
162位,,メイド,めいど☆彡,963,5
163位,,メイド,クワァームイ,963,5
164位,,黒魔術師,黒さん２,962,5
165位,,黒魔術師,れい嬢,962,5
166位,,黒魔術師,鳶一折紙,961,5
167位,,黒魔術師,神龍院莉緒,961,5
168位,,黒魔術師,純華,961,5
169位,,メイド,☆ﾏﾐﾑﾒｲﾄﾞ☆,961,5
170位,,黒魔術師,くろま子,960,5
171位,,黒魔術師,闇魔法グルグル,960,5
172位,,黒魔術師,２R通常,959,5
173位,,黒魔術師,stitch卍,959,5
174位,,メイド,syuKuroma［G］,959,5
175位,,黒魔術師,Salazar,958,3
176位,,黒魔術師,Cloche,957,5
177位,,黒魔術師,如月よた,956,5
178位,,黒魔術師,枢木,956,1
179位,,メイド,GabrielCeresta,955,5
180位,,黒魔術師,ｸﾗﾘｰﾈ,955,4
181位,,黒魔術師,DSKO164,954,5
182位,,黒魔術師,雪見時雨,954,5
183位,,黒魔術師,木乃花志乃,953,5
184位,,黒魔術師,えりーとにーと,953,5
185位,,黒魔術師,しのぶちゃ,953,5
186位,,メイド,がるびぃ,953,5
187位,,メイド,赤いヘアピン,953,5
188位,,黒魔術師,Ｄaydream,952,5
189位,,黒魔術師,☆桜月夜♪♪,951,5
190位,,黒魔術師,ドS上司,951,5
191位,,黒魔術師,ブラックメリア,950,5
192位,,黒魔術師,楽園の翼,950,4
193位,,黒魔術師,我慢できない。,949,5
194位,,黒魔術師,セリシュア,949,5
195位,,黒魔術師,Bastet☆,948,5
196位,,黒魔術師,Levicoco,947,5
197位,,黒魔術師,シスターミコ,947,5
198位,,黒魔術師,YAMASA・BLACK,947,5
199位,,黒魔術師,kurokko,947,5
200位,,黒魔術師,カタリナ卿,947,3
201位,,黒魔術師,星乃珈琲店☆ミ,946,5
202位,,黒魔術師,☆ｍｅｉ☆,946,3
203位,,黒魔術師,愛理。,944,5
204位,,メイド,かんなひめ,944,5
205位,,メイド,お仕置きだぞ！,944,5
206位,,黒魔術師,kuromasan♪,943,5
207位,,メイド,アンヘルΘ,943,5
208位,,メイド,アルウェンシス,943,5
209位,,メイド,Gauvain,943,0
210位,,黒魔術師,ぴよこのこ,942,5
211位,,黒魔術師,ハンバーグ刑事,942,5
212位,,黒魔術師,かりすまにーと。,942,5
213位,,黒魔術師,☆EMIRIA☆,941,4
214位,,黒魔術師,1期一会,940,5
215位,,黒魔術師,とろっとろ角煮,940,5
216位,,黒魔術師,電撃☆BOP,940,5
217位,,黒魔術師,酒肴,940,5
218位,,黒魔術師,ソキル,940,5
219位,,黒魔術師,カボスの黒魔,939,5
220位,,黒魔術師,ぱいんさいだー,939,5
221位,,メイド,cleep,939,5
222位,,黒魔術師,ロズリーヌ,939,3
223位,,黒魔術師,華のしずく,939,2
224位,,黒魔術師,アビス・ノアール,938,5
225位,,メイド,ﾊﾟｰﾌﾟﾙﾚﾃﾞｨ,938,5
226位,,黒魔術師,ペローナ様,938,0
227位,,黒魔術師,ロベリアエリヌス,937,5
228位,,黒魔術師,マリフィア,937,5
229位,,黒魔術師,黑のワルツ,937,5
230位,,メイド,レネに尽くします,937,5
231位,,黒魔術師,εBellε,937,4
232位,,黒魔術師,くろま～,936,5
233位,,黒魔術師,Ricty,936,5
234位,,黒魔術師,サシャーー,936,5
235位,,黒魔術師,天ﾉ暗黒,936,5
236位,,メイド,嵐ちゅわん,936,4
237位,,黒魔術師,麻沙未,935,5
238位,,メイド,Nostromo,935,5
239位,,黒魔術師,おとぎ国の牡丹,934,5
240位,,黒魔術師,エルネスティーネ,934,5
241位,,黒魔術師,えーす卿,934,5
242位,,黒魔術師,きゃりーぱこぱこ,933,5
243位,,黒魔術師,はやっち,933,5
244位,,メイド,魔女子メグ,933,4
245位,,メイド,迷子羊,933,3
246位,,黒魔術師,ko愛梨ok,933,2
247位,,黒魔術師,時計塔のマリア,933,2
248位,,黒魔術師,クル・クル,932,5
249位,,メイド,ペコ☆エルモア,932,5
250位,,黒魔術師,TIBIMIKO,932,3
251位,,黒魔術師,デリメコ,931,5
252位,,黒魔術師,たりーずｍ,931,5
253位,,黒魔術師,イチゴの黒魔,931,5
254位,,黒魔術師,豹火,931,5
255位,,黒魔術師,Nitestalker,931,5
256位,,黒魔術師,21金育ち,931,5
257位,,黒魔術師,醤油あぶら,931,4
258位,,黒魔術師,吉田☆早希,931,0
259位,,黒魔術師,黒魔参,930,5
260位,,黒魔術師,ミッキークイーン,930,5
261位,,黒魔術師,天空の黒猫,930,5
262位,,黒魔術師,インティクス,930,5
263位,,黒魔術師,リップスティック,930,5
264位,,黒魔術師,おまん小豆茶,930,5
265位,,黒魔術師,Rivaas,930,5
266位,,黒魔術師,しろまろ,930,5
267位,,黒魔術師,君色ラテアート,930,5
268位,,黒魔術師,ちゃっぽりん,930,5
269位,,黒魔術師,トダエ,930,5
270位,,黒魔術師,ﾓﾝｺﾞﾒﾘｰ・ﾊﾝﾅ,930,3
271位,,黒魔術師,きなこ♪,930,3
272位,,黒魔術師,Object268,930,3
273位,,メイド,減塩,930,3
274位,,黒魔術師,イリスフィリア,930,0
275位,,黒魔術師,ルーﾅ,929,5
276位,,黒魔術師,旗持ちたぬき,929,5
277位,,メイド,AEREON,929,5
278位,,メイド,家政婦の☆コザク,929,5
279位,,メイド,☆マーメイド☆,929,4
280位,,メイド,Henrietta♪,929,2
281位,,黒魔術師,Ling時雨,928,5
282位,,黒魔術師,ｸﾛｰﾑ髑髏,928,5
283位,,黒魔術師,みっちゃん♪夜,928,5
284位,,黒魔術師,ラファ・エル,928,5
285位,,黒魔術師,鴇羽,928,5
286位,,黒魔術師,Sara・Shane,928,5
287位,,黒魔術師,抹白吏架,928,5
288位,,メイド,ダブルブラック,928,4
289位,,黒魔術師,みむら,927,5
290位,,黒魔術師,もう…えっち！,927,5
291位,,黒魔術師,§ぱみゅ§,927,5
292位,,黒魔術師,クロチルダ,927,5
293位,,黒魔術師,Critical_Crystal,927,5
294位,,黒魔術師,警視庁交通執行係,927,5
295位,,メイド,ら行のメイド,927,3
296位,,黒魔術師,サンちゃん♪,927,0
297位,,メイド,まるもふ,927,0
298位,,黒魔術師,音流λ,926,5
299位,,黒魔術師,万屋凜ちゃん,926,5
300位,,黒魔術師,めうめう,926,5
301位,,黒魔術師,ビビリン,926,5
302位,,黒魔術師,ⅩSennaⅩ,926,4
303位,,黒魔術師,無限ｸﾛﾏぷっち,926,3
304位,,黒魔術師,お邪魔しま～す,926,1
305位,,黒魔術師,PeaceBlack,925,5
306位,,黒魔術師,吾輩も猫である,925,5
307位,,メイド,呂玲崎,925,5
308位,,メイド,えだまめcrisis,925,5
309位,,黒魔術師,クロシェット,925,3
310位,,黒魔術師,☆ケリー,925,0
311位,,黒魔術師,Rauha。,924,5
312位,,黒魔術師,メイファイア,924,5
313位,,黒魔術師,☆エルー☆,924,5
314位,,メイド,お豆腐姫,924,5
315位,,黒魔術師,マルアカ∞,924,3
316位,,黒魔術師,小豆ﾊﾟﾝﾀﾞﾁｬｰﾝ♪,924,3
317位,,メイド,柚子菜,924,3
318位,,黒魔術師,JIRUHI,923,5
319位,,黒魔術師,月乃アスナ,923,5
320位,,黒魔術師,桃冠,923,5
321位,,黒魔術師,李怨,923,5
322位,,黒魔術師,ちしゃみ,923,5
323位,,メイド,meido10,923,5
324位,,黒魔術師,∇聖闇星∇,923,4
325位,,メイド,ぺろりん♪,923,1
326位,,メイド,メイド物理です,923,1
327位,,黒魔術師,＄導師＄,922,5
328位,,黒魔術師,Elrena,922,5
329位,,黒魔術師,CallsignPrologue,922,5
330位,,メイド,冥土戦士みょん⇒,922,5
331位,,黒魔術師,嬉しそうなおすぎ,922,4
332位,,メイド,家政婦のメイ,922,0
333位,,黒魔術師,なすちき。,921,5
334位,,黒魔術師,黒い女,921,5
335位,,黒魔術師,ボヨヨンロック,921,5
336位,,黒魔術師,でっか,921,5
337位,,黒魔術師,飛箒,921,5
338位,,メイド,テンダラー上原,921,5
339位,,メイド,Silber_Anker,921,5
340位,,メイド,ﾚｲﾄﾞ･ｸﾘｽﾃｨｰﾇ,921,5
341位,,黒魔術師,最終魔王894,921,4
342位,,メイド,みみーⅡ,921,4
343位,,黒魔術師,ダイソン（掃除）,921,3
344位,,黒魔術師,五十嵐☆清華,921,1
345位,,黒魔術師,黒紅の月,920,5
346位,,黒魔術師,ｺﾞｰﾙﾃﾞﾝﾁｬｲﾙﾄﾞ,920,5
347位,,黒魔術師,kulock,920,5
348位,,黒魔術師,ライナスの毛布,920,5
349位,,黒魔術師,ビビッドブラック,920,5
350位,,メイド,Wホワイト,920,5
351位,,黒魔術師,ブランディッシュ,920,0
352位,,黒魔術師,肩透かし黒糖パン,919,5
353位,,黒魔術師,ななちゃんまる,919,5
354位,,黒魔術師,遠見空花,919,5
355位,,メイド,ですの！,919,5
356位,,メイド,リゼ様。,919,4
357位,,黒魔術師,ワイルドイブ,919,3
358位,,黒魔術師,1100円,918,5
359位,,黒魔術師,☆Elaine☆黒☆彡,918,5
360位,,黒魔術師,ReeMal,918,5
361位,,黒魔術師,あぶりかぶり,918,5
362位,,黒魔術師,ロマロ,918,5
363位,,黒魔術師,そこがかゆいの,918,5
364位,,黒魔術師,ｸﾞﾛｰﾗｲﾄﾃﾄﾗ,918,5
365位,,黒魔術師,PopBoy,918,5
366位,,黒魔術師,Halula,918,5
367位,,黒魔術師,Yutaca¨,918,5
368位,,メイド,レア・セドゥ,918,5
369位,,メイド,hideto203402,918,4
370位,,黒魔術師,悪魔っこ,917,5
371位,,黒魔術師,DECORTE,917,5
372位,,黒魔術師,むちこさん,917,5
373位,,黒魔術師,happysugarlife,917,5
374位,,黒魔術師,Mel†uy,917,5
375位,,黒魔術師,あみのすけ,917,5
376位,,黒魔術師,ⅹ麗羅ⅹ,917,5
377位,,メイド,☆ぼろ雑巾,917,5
378位,,メイド,わべ美,917,5
379位,,メイド,阿麻弥姑,917,5
380位,,黒魔術師,AnkCrest,917,4
381位,,黒魔術師,デラックスクロマ,917,4
382位,,黒魔術師,クミⅤ,917,2
383位,,メイド,でじ子,917,0
384位,,黒魔術師,ぺろはち,916,5
385位,,黒魔術師,金くろまちゃん,916,5
386位,,黒魔術師,エヴァ・グリーン,916,5
387位,,黒魔術師,☆リ☆リ☆,916,5
388位,,黒魔術師,ⅹ月ⅹ,916,5
389位,,メイド,ﾒｲﾄﾞ・ｲﾝ・ｼﾞｬﾊﾟﾝ,916,5
390位,,メイド,したちゃ,916,5
391位,,黒魔術師,monako先輩,916,4
392位,,黒魔術師,KING08,916,4
393位,,黒魔術師,白なな,916,4
394位,,黒魔術師,黒の煉術士,916,3
395位,,黒魔術師,黒ゆり,916,0
396位,,黒魔術師,まりこさまDX,916,0
397位,,黒魔術師,ツンデレ姉ちゃん,916,0
398位,,黒魔術師,黒魔術師れね,915,5
399位,,黒魔術師,えろ神,915,5
400位,,黒魔術師,Kaylee,915,5
401位,,黒魔術師,あみたみーな,915,5
402位,,黒魔術師,フェイリア,915,5
403位,,黒魔術師,アニエッタ,915,5
404位,,メイド,ｶｽﾀｰﾄﾞﾌﾟﾃﾞｨﾝｸﾞ,915,5
405位,,メイド,カロリーメイド,915,5
406位,,メイド,§Shinon§,915,5
407位,,黒魔術師,乳眼鏡,915,4
408位,,黒魔術師,碧藍,915,3
409位,,メイド,つう♪,915,3
410位,,黒魔術師,イングラム田中,914,5
411位,,黒魔術師,終音よた,914,5
412位,,黒魔術師,生粋の男の娘,914,5
413位,,黒魔術師,Kkuta,914,5
414位,,黒魔術師,ﾃﾝﾌｨｰﾄ,914,5
415位,,黒魔術師,NemuNoki,914,4
416位,,メイド,hideto2015k,914,4
417位,,黒魔術師,ラザードゥ,914,3
418位,,黒魔術師,ハデス☆,914,3
419位,,黒魔術師,AlexisBledel,914,1
420位,,メイド,宝飾の指,914,1
421位,,黒魔術師,美しき闘将,914,0
422位,,黒魔術師,海なな,914,0
423位,,メイド,SAYOKOGON,914,0
424位,,黒魔術師,tantan_05,913,5
425位,,黒魔術師,ピンク髪のお姉様,913,5
426位,,黒魔術師,紫紺野牡丹,913,5
427位,,黒魔術師,テンピ,913,5
428位,,黒魔術師,みりぁん,913,5
429位,,黒魔術師,絶禍,913,5
430位,,メイド,九菖,913,5
431位,,メイド,Cattleya☆,913,5
432位,,黒魔術師,くくり♪,913,3
433位,,黒魔術師,漆黒の黒板,913,2
434位,,メイド,CandiceAccola,913,1
435位,,黒魔術師,クレア・マット,913,0
436位,,黒魔術師,西洞院百合子,913,0
437位,,黒魔術師,とるりり,913,0
438位,,メイド,ドジっ子らりー,913,0
439位,,黒魔術師,冥凜,912,5
440位,,黒魔術師,天＿烙,912,5
441位,,黒魔術師,黒薔薇の騎士,912,5
442位,,黒魔術師,激辛キムチ,912,5
443位,,黒魔術師,喫茶黒うさぎ,912,5
444位,,黒魔術師,嫌です。,912,5
445位,,黒魔術師,Tough＆Cute,912,5
446位,,黒魔術師,まくろ,912,5
447位,,黒魔術師,ﾘﾘｴｰﾙ・ﾌﾞﾗｯﾄﾞﾘｨ,912,5
448位,,黒魔術師,kita06,912,4
449位,,黒魔術師,う～ちゃ♪,912,0
450位,,黒魔術師,ｼｬｰﾛｯﾄ･K･ﾐｭｰﾙ,911,5
451位,,黒魔術師,ポルチーニ。,911,5
452位,,黒魔術師,ⅹエマⅹ,911,5
453位,,黒魔術師,雷くま,911,5
454位,,黒魔術師,芳峰,911,5
455位,,メイド,津川瑞希♪,911,5
456位,,黒魔術師,猫のうんち,911,4
457位,,メイド,xレイニーx,911,4
458位,,黒魔術師,けいら・ゆうみ,911,2
459位,,黒魔術師,kurojuna,911,0
460位,,黒魔術師,ダスキングレート,911,0
461位,,黒魔術師,GoldExecute,910,5
462位,,黒魔術師,盟℃,910,5
463位,,黒魔術師,GoldExaggerate,910,5
464位,,黒魔術師,こここ子,910,5
465位,,黒魔術師,ねこ魔,910,5
466位,,黒魔術師,ねこ・くろ,910,5
467位,,黒魔術師,nattsu。,910,5
468位,,黒魔術師,エルフィーユ,910,5
469位,,黒魔術師,ほむりりぃ,910,5
470位,,黒魔術師,おさわり探偵,910,5
471位,,黒魔術師,リアル男の娘,910,5
472位,,メイド,ボンボンショコラ,910,5
473位,,メイド,ｼｪﾘｱ・ﾊﾞｰﾝｽﾞ,910,5
474位,,メイド,メイドAA,910,5
475位,,黒魔術師,靈狐,910,4
476位,,黒魔術師,黒め,910,2
477位,,黒魔術師,闇魔女,910,2
478位,,メイド,ぺろもん♪,910,2
479位,,メイド,いもみん♪,910,2
480位,,黒魔術師,くろまたん,910,0
481位,,黒魔術師,宮王子蓮,910,0
482位,,黒魔術師,か～らΨ,909,5
483位,,黒魔術師,羅魅唖,909,5
484位,,黒魔術師,道徳塗説,909,5
485位,,黒魔術師,トキシッコ,909,5
486位,,黒魔術師,天輪姫,909,5
487位,,黒魔術師,hironasu,909,5
488位,,黒魔術師,minasΨ,909,5
489位,,黒魔術師,直怜,909,5
490位,,黒魔術師,ムズムズ,909,5
491位,,黒魔術師,デカァーイ！（説,909,5
492位,,メイド,M‐I‐Y‐U,909,5
493位,,メイド,おーとます,909,5
494位,,メイド,キシ男のメイド,909,5
495位,,黒魔術師,VladDrakulya,909,4
496位,,黒魔術師,麗しのサブリナ,909,4
497位,,メイド,ツキウサ,909,4
498位,,メイド,R_YU_NA,909,4
499位,,メイド,siｍpｌｅ,909,4
500位,,黒魔術師,もちゃ術師,909,2
501位,,黒魔術師,Milky____,909,2
502位,,黒魔術師,ランブル＠,909,2
503位,,黒魔術師,結璃,909,1
504位,,黒魔術師,☆リンダ☆,909,0
505位,,黒魔術師,箒砕,909,0
506位,,黒魔術師,Vtuber不断シエﾉﾚ,909,0
507位,,黒魔術師,アヒャコ,909,0
508位,,黒魔術師,Asriel,908,5
509位,,黒魔術師,Luculia,908,5
510位,,黒魔術師,ぴろま,908,5
511位,,黒魔術師,紅蓮の黒魔術士,908,5
512位,,メイド,まなぷりんメイド,908,5
513位,,メイド,ヾ（・ω´・；）,908,5
514位,,黒魔術師,レイアーティ,908,4
515位,,メイド,hideto201509,908,4
516位,,メイド,meika,908,4
517位,,メイド,harokunn,908,3
518位,,黒魔術師,黒魔＠１,908,1
519位,,黒魔術師,玉cool,908,1
520位,,黒魔術師,のるごん,908,0
521位,,メイド,白の海皇,908,0
522位,,黒魔術師,かとうえみり,907,5
523位,,黒魔術師,くろみさ,907,5
524位,,黒魔術師,せらますみ,907,5
525位,,黒魔術師,朱の弦月,907,5
526位,,黒魔術師,ChristmasCandle,907,5
527位,,黒魔術師,神無音,907,5
528位,,黒魔術師,Shenhua,907,5
529位,,黒魔術師,そとわくO,907,5
530位,,メイド,みつばひめ,907,5
531位,,メイド,ティアレット,907,5
532位,,メイド,奴隷メイド,907,5
533位,,メイド,星咲せいら,907,5
534位,,メイド,まりあんな,907,5
535位,,メイド,Correctio,907,5
536位,,メイド,myuumei,907,5
537位,,メイド,ざくざく００７,907,5
538位,,黒魔術師,Erza‐Scarlett,907,4
539位,,黒魔術師,麗艶姫,907,4
540位,,黒魔術師,Greole,907,4
541位,,黒魔術師,nyamu,907,4
542位,,メイド,キュｰティｰハニｰ,907,4
543位,,メイド,殺戮ロボ,907,4
544位,,黒魔術師,雅輝,907,3
545位,,黒魔術師,笹木咲,907,3
546位,,黒魔術師,導師みぬき,907,3
547位,,黒魔術師,れいきゃξ,907,3
548位,,黒魔術師,ナリタタイシン,907,2
549位,,黒魔術師,ナチェア,907,1
550位,,メイド,可愛いって言って,907,1
551位,,黒魔術師,ろずりーぬ,907,0
552位,,黒魔術師,黒ゆう,907,0
553位,,黒魔術師,おなかぺこ,907,0
554位,,黒魔術師,ぺる☆,907,0
555位,,黒魔術師,核砕,907,0
556位,,黒魔術師,うそつかない,906,5
557位,,黒魔術師,（・ｘ・ミ）ノシ,906,5
558位,,黒魔術師,逃げます逃げます,906,5
559位,,黒魔術師,くろまか,906,5
560位,,黒魔術師,Chartreux,906,5
561位,,黒魔術師,幻創のイデア,906,5
562位,,メイド,coach7533,906,5
563位,,メイド,datex,906,5
564位,,メイド,おていちゃん,906,5
565位,,メイド,Izavel,906,5
566位,,黒魔術師,エカルト,906,4
567位,,黒魔術師,らぶりん,906,4
568位,,黒魔術師,マリーダちゃん,906,4
569位,,黒魔術師,みんと提督,906,4
570位,,黒魔術師,☆黒燿☆,906,4
571位,,黒魔術師,お掃除監督,906,4
572位,,メイド,まるねこ,906,4
573位,,メイド,バルディオーク〜,906,4
574位,,メイド,っパイン,906,3
575位,,黒魔術師,魔人フィーナ,906,0
576位,,黒魔術師,GoldExcavation,906,0
577位,,黒魔術師,GoldExtinguish,906,0
578位,,黒魔術師,コロナナモレモモ,906,0
579位,,黒魔術師,照井川,906,0
580位,,メイド,嵐ちゃわ〜ん,906,0
581位,,メイド,めいど☆,906,0
582位,,メイド,お疲れ様,906,0
583位,,黒魔術師,イヴェル,905,5
584位,,黒魔術師,ちくわ売り,905,5
585位,,黒魔術師,めいどらら,905,5
586位,,黒魔術師,＄金魔術師＄,905,5
587位,,黒魔術師,あざといやるを,905,5
588位,,黒魔術師,グレイスレイン,905,5
589位,,黒魔術師,第6ﾄﾞｰﾙ雛苺,905,5
590位,,黒魔術師,ドーラ船長,905,5
591位,,メイド,桜小町,905,5
592位,,メイド,里見菜穂子,905,5
593位,,メイド,ogsan,905,5
594位,,メイド,ショチケツアル,905,5
595位,,黒魔術師,ベガ☆,905,4
596位,,黒魔術師,冷凍夏みかん,905,4
597位,,黒魔術師,朱狐,905,4
598位,,黒魔術師,黒丸さん,905,4
599位,,メイド,フィオ・ピッコロ,905,4
600位,,黒魔術師,殲滅いたします。,905,2
601位,,黒魔術師,ｸﾞﾗﾝｱﾚｸﾞﾘｱ,905,0
602位,,黒魔術師,大雨の中でBBQ,905,0
603位,,黒魔術師,sorok0n,905,0
604位,,メイド,おそうじチェリー,905,0
605位,,メイド,☆メリー,905,0
606位,,黒魔術師,GoldExquisite,904,5
607位,,黒魔術師,GoldExclaim,904,5
608位,,黒魔術師,のっぽパン2020,904,5
609位,,黒魔術師,ふゆあき,904,5
610位,,黒魔術師,IdluLili,904,5
611位,,黒魔術師,ACE魔,904,5
612位,,黒魔術師,アモリト,904,5
613位,,黒魔術師,闇落ちチルル,904,5
614位,,黒魔術師,Lemon§tree,904,5
615位,,黒魔術師,ユリアス・カイン,904,5
616位,,黒魔術師,ﾘｰﾘｬﾙ・ｻﾞﾊｰﾄﾞ,904,5
617位,,メイド,あかねひめ,904,5
618位,,メイド,永・凹・阿阿瑠：,904,5
619位,,メイド,アースロゼ,904,5
620位,,メイド,苺妃,904,5
621位,,メイド,ぼたんひめ,904,5
622位,,メイド,きせつ,904,5
623位,,メイド,幻の撃墜王－偽者,904,5
624位,,メイド,ミルクフラペチー,904,5
625位,,黒魔術師,GES０U,904,4
626位,,黒魔術師,※Mding※,904,4
627位,,メイド,簀巻２,904,4
628位,,メイド,怪しいメイド,904,4
629位,,メイド,テマミ,904,4
630位,,黒魔術師,Grand_Red,904,3
631位,,メイド,給仕みぬき,904,3
632位,,メイド,FoxyTail,904,2
633位,,黒魔術師,なすか,904,1
634位,,黒魔術師,lonfe,903,5
635位,,黒魔術師,のっぽパン2019,903,5
636位,,黒魔術師,RE￠NA,903,5
637位,,黒魔術師,††雷光一閃††,903,5
638位,,黒魔術師,めいどららぁ,903,5
639位,,黒魔術師,暴食の化身エリス,903,5
640位,,黒魔術師,たこしゅ,903,5
641位,,黒魔術師,うぇぷぉ,903,5
642位,,黒魔術師,腸炎ビブリオ,903,5
643位,,黒魔術師,林檎桃花姫M,903,5
644位,,黒魔術師,ソシナ,903,5
645位,,メイド,すずなひめ,903,5
646位,,メイド,まみんご,903,5
647位,,メイド,旅人リラン,903,5
648位,,黒魔術師,しばいぬ,903,4
649位,,黒魔術師,こらんだむ＋,903,4
650位,,黒魔術師,阿備,903,4
651位,,黒魔術師,魔人NN,903,4
652位,,黒魔術師,アーチゾルデ,903,4
653位,,黒魔術師,〓黒魔〓,903,4
654位,,メイド,フィッシュル,903,4
655位,,メイド,Flu_MAⅡ,903,4
656位,,黒魔術師,エミーシャ,903,3
657位,,黒魔術師,花天月地♪,903,3
658位,,黒魔術師,春姫†,903,0
659位,,黒魔術師,naranja,903,0
660位,,黒魔術師,鬼黒魔,903,0
661位,,メイド,VALRHONA,903,0
662位,,メイド,鈴原川,903,0
663位,,黒魔術師,Mello_Yello,902,5
664位,,黒魔術師,肉まんくん,902,5
665位,,黒魔術師,Crudelis,902,5
666位,,黒魔術師,れい☆ちぇる,902,5
667位,,黒魔術師,モツ美,902,5
668位,,黒魔術師,hina氏,902,5
669位,,黒魔術師,ココロフロート,902,5
670位,,黒魔術師,メダカハウス,902,5
671位,,黒魔術師,そらしどδ,902,5
672位,,黒魔術師,ヴァツリッサ,902,5
673位,,黒魔術師,iiiiiiiliiii,902,5
674位,,黒魔術師,おかゆん,902,5
675位,,メイド,お任せします,902,5
676位,,メイド,すみれひめ,902,5
677位,,メイド,しおんひめ,902,5
678位,,メイド,あざみひめ,902,5
679位,,メイド,あやめひめ,902,5
680位,,メイド,崖の下のボニョ,902,5
681位,,メイド,エミーナ♪,902,5
682位,,メイド,なめたけ師匠,902,5
683位,,黒魔術師,メンヘラちゃん,902,4
684位,,黒魔術師,伊吹愛奈,902,4
685位,,黒魔術師,まどか。,902,4
686位,,黒魔術師,ユジス,902,4
687位,,黒魔術師,hanageちゃん,902,4
688位,,黒魔術師,ダメ黒,902,4
689位,,メイド,リトロン,902,4
690位,,メイド,だくねす,902,4
691位,,メイド,ペロリンヌ,902,4
692位,,黒魔術師,ミリィ・アルデ,902,3
693位,,黒魔術師,ねこ魔術師,902,3
694位,,黒魔術師,Apple黒魔001,902,3
695位,,黒魔術師,黒魔Chang,902,3
696位,,黒魔術師,AbisNekuron,902,3
697位,,黒魔術師,κοη＋,902,3
698位,,黒魔術師,リーシアＥ,902,3
699位,,メイド,墓穴ちゃん☆彡,902,3
700位,,メイド,ルケリーノ,902,3
701位,,メイド,ﾀﾞｸﾈｽ家ﾒｲﾄﾞ長,902,3
702位,,メイド,らいにゃん,902,3
703位,,黒魔術師,sserecros,902,2
704位,,メイド,すんどめ,902,2
705位,,メイド,IceQueen,902,2
706位,,メイド,WitchMago,902,2
707位,,メイド,VampirePrincess,902,2
708位,,メイド,LastWitch,902,2
709位,,黒魔術師,裸足の乙女,902,1
710位,,黒魔術師,暗黒の女王,902,0
711位,,黒魔術師,にーちゅ,902,0
712位,,黒魔術師,NakedApeG,902,0
713位,,メイド,ApronDress,902,0
714位,,メイド,LittleHelper,902,0
715位,,黒魔術師,くろま。,901,5
716位,,黒魔術師,pinky☆swear,901,5
717位,,黒魔術師,Guran．,901,5
718位,,黒魔術師,pechita,901,5
719位,,黒魔術師,ChocolateMocha,901,5
720位,,黒魔術師,セつコ,901,5
721位,,黒魔術師,＄金柑＄,901,5
722位,,黒魔術師,かにめし,901,5
723位,,黒魔術師,rabi。,901,5
724位,,黒魔術師,仇月,901,5
725位,,メイド,жSyuＳyuж,901,5
726位,,メイド,よなぐにっ,901,5
727位,,メイド,OVA零号機,901,5
728位,,メイド,ﾊﾟﾘﾋﾟ先生,901,5
729位,,メイド,いずみさわ,901,5
730位,,メイド,Clochedor,901,5
731位,,メイド,伯耆守,901,5
732位,,メイド,碧白,901,5
733位,,メイド,☆ゆるキャラ☆,901,5
734位,,メイド,みくりんк,901,5
735位,,メイド,夏目准,901,5
736位,,黒魔術師,AshForce,901,4
737位,,黒魔術師,o燐火o,901,4
738位,,黒魔術師,ψプラネψ,901,4
739位,,黒魔術師,雪風♪,901,4
740位,,黒魔術師,ぱにゃにゃん,901,4
741位,,メイド,××ぞう××,901,4
742位,,メイド,るん子,901,4
743位,,メイド,カッチョーン,901,4
744位,,黒魔術師,金玉乱れ太郎,901,3
745位,,メイド,ふぅりん,901,3
746位,,黒魔術師,ソェイル,901,2
747位,,黒魔術師,だくっち,901,2
748位,,黒魔術師,ねろ38,901,1
749位,,メイド,トゥールビヨン,901,0
750位,,メイド,安東川,901,0
751位,,黒魔術師,清掃ボランティア,900,5
752位,,黒魔術師,なずなひめ,900,5
753位,,黒魔術師,メシャクブラック,900,5
754位,,黒魔術師,しろろ。,900,5
755位,,黒魔術師,ﾛｽｱﾝ,900,5
756位,,黒魔術師,おにぴ。,900,5
757位,,メイド,グランヒル,900,5
758位,,メイド,Wilhelmina_Final,900,5
759位,,メイド,DЯαGоηια,900,5
760位,,メイド,Myucel,900,5
761位,,メイド,ﾀｰﾆｬ･ﾃﾞｸﾞﾚﾁｬﾌ,900,5
762位,,メイド,Foaran,900,5
763位,,メイド,らもふぁー1,900,5
764位,,メイド,キャバレー,900,5
765位,,黒魔術師,み〜あ,900,4
766位,,黒魔術師,マルルーモ,900,4
767位,,黒魔術師,柚子里,900,4
768位,,黒魔術師,ｳｫｰﾚﾝｸﾛﾏﾃｨ,900,4
769位,,メイド,亜加里,900,4
770位,,黒魔術師,いいかんじのブス,900,3
771位,,黒魔術師,殲滅系,900,3
772位,,黒魔術師,maido,900,3
773位,,黒魔術師,黒凜,900,3
774位,,黒魔術師,＊Fleur＊,900,3
775位,,メイド,闇黒女王,900,3
776位,,メイド,§レム§,900,3
777位,,メイド,☆ユリアスR☆,900,3
778位,,メイド,舂色,900,3
779位,,メイド,秋牡丹,900,3
780位,,黒魔術師,原田さん,900,1
781位,,黒魔術師,76th,900,1
782位,,メイド,ﾛﾌｫｶﾙ|дﾟ),900,1
783位,,黒魔術師,世も末りょうこ,900,0
784位,,黒魔術師,苺ショート系,900,0
785位,,黒魔術師,BadSweetTrap,900,0
786位,,黒魔術師,Mox☆Diamond,900,0
787位,,メイド,炎メイドくるりん,900,0
788位,,メイド,fusen_pro,900,0
789位,,黒魔術師,ナタ−リア,899,4
790位,,黒魔術師,りーしゃ。,899,4
791位,,黒魔術師,御原凛音,899,4
792位,,黒魔術師,テイクイン,899,4
793位,,黒魔術師,りぜ！,899,4
794位,,メイド,中身おっさん,899,4
795位,,メイド,☆もえもえ☆,899,4
796位,,メイド,大福餅,899,4
797位,,黒魔術師,クランケ,899,3
798位,,黒魔術師,城ヶ崎美嘉,899,1
799位,,黒魔術師,倚音,899,0
800位,,黒魔術師,にぶたにしんか,899,0
801位,,黒魔術師,ルナサウト,899,0
802位,,黒魔術師,KAKA☆ブラマジ,899,0
803位,,黒魔術師,胡蝶しのぶ,899,0
804位,,メイド,みたらしぷりん,899,0
805位,,メイド,金鯖産黒魔2017,899,0
806位,,黒魔術師,ぽぬたにえん,898,4
807位,,黒魔術師,KissOverUnique,898,4
808位,,メイド,Superior,898,4
809位,,黒魔術師,おとちゃん．,898,3
810位,,メイド,大二女子,898,3
811位,,メイド,どれみふぁそ,898,3
812位,,メイド,もふこ,898,3
813位,,黒魔術師,深淵姉さん,898,1
814位,,メイド,§黒のアリシア§,898,1
815位,,黒魔術師,らっきーすけべ,898,0
816位,,黒魔術師,ガジンDX,898,0
817位,,メイド,Hordaine,898,0
818位,,メイド,masamityann,898,0
819位,,黒魔術師,プカ,897,4
820位,,黒魔術師,YuriWitch,897,4
821位,,黒魔術師,黒ぬこの烙印者,897,4
822位,,メイド,宮本部長,897,4
823位,,メイド,しんじんさん,897,4
824位,,メイド,ふじこっち,897,4
825位,,黒魔術師,BloodyRoseMAX,897,3
826位,,黒魔術師,☆アイチ☆,897,3
827位,,メイド,ぺろん♪,897,2
828位,,黒魔術師,paparako,897,0
829位,,黒魔術師,チョロミー,896,4
830位,,黒魔術師,黒チル,896,4
831位,,黒魔術師,ｼﾘﾉｱｰﾅ,896,4
832位,,黒魔術師,まなぷりん黒魔,896,4
833位,,黒魔術師,maid1x2,896,4
834位,,黒魔術師,ｘまいめろｘ,896,4
835位,,黒魔術師,YAOH専属メイド,896,4
836位,,メイド,ほうき大使,896,4
837位,,黒魔術師,¢でぃあす¢,896,3
838位,,黒魔術師,cookerdragon,896,3
839位,,メイド,メイ・ド＝サン,896,3
840位,,黒魔術師,臨時教員,896,1
841位,,黒魔術師,ダークチェリー,896,0
842位,,黒魔術師,みゅしゃ,896,0
843位,,黒魔術師,すみちおん,896,0
844位,,黒魔術師,椎菜ちゃん,896,0
845位,,メイド,ぱふぱふちぇりー,896,0
846位,,黒魔術師,深淵おねぇさん,895,4
847位,,黒魔術師,びかいいんちょ,895,4
848位,,黒魔術師,冥術師,895,4
849位,,黒魔術師,woo3,895,4
850位,,黒魔術師,ｱﾝｼﾞｭｶﾄﾘｰﾅ,895,4
851位,,黒魔術師,闇に飲まれよ！！,895,4
852位,,黒魔術師,ひなぽっぽ,895,4
853位,,黒魔術師,ガルニャン,895,4
854位,,メイド,ペちん,895,4
855位,,メイド,ぴんき〜,895,4
856位,,メイド,Quelaag,895,4
857位,,メイド,なっこー,895,4
858位,,メイド,麗華♪,895,4
859位,,メイド,ソーシア,895,4
860位,,黒魔術師,どらちゃん。,895,2
861位,,黒魔術師,Munchen,894,4
862位,,黒魔術師,桜小路ルナ,894,4
863位,,黒魔術師,ひまつぶ,894,4
864位,,メイド,yamada7000,894,4
865位,,メイド,わベ子,894,4
866位,,メイド,古聖所に眠る少女,894,4
867位,,メイド,♪せんこ♪,894,4
868位,,メイド,新島八重,894,4
869位,,黒魔術師,＠ゆゆこ＠,894,3
870位,,黒魔術師,Critical_Crystel,894,3
871位,,黒魔術師,ｴﾙｻﾞ･ｸﾞﾗﾝﾋﾙﾃ,894,1
872位,,メイド,雪肌,894,0
873位,,メイド,siroくまー,894,0
874位,,黒魔術師,＃mura＃,893,4
875位,,黒魔術師,☆ｷｬﾝﾃﾞｨｰの箒☆,893,4
876位,,黒魔術師,コメットさん☆彡,893,4
877位,,黒魔術師,Lmrb,893,4
878位,,メイド,Amelia☆ｼﾙｷｰ,893,4
879位,,メイド,ゆきちゃん００９,893,4
880位,,黒魔術師,AngelicGorilla,893,3
881位,,黒魔術師,shitake,893,3
882位,,黒魔術師,KarasumaGozen,893,3
883位,,黒魔術師,からす人形,893,3
884位,,黒魔術師,めいらく監視人,893,1
885位,,黒魔術師,ティラミスパフェ,893,0
886位,,黒魔術師,霊珠,892,4
887位,,黒魔術師,乃梨子,892,4
888位,,黒魔術師,完全体ﾅｵ･ヴラド,892,4
889位,,黒魔術師,陽奈子,892,4
890位,,黒魔術師,呪っとる,892,4
891位,,黒魔術師,よふかし,892,4
892位,,メイド,弱酸性さん,892,4
893位,,メイド,☆ちぁき☆,892,4
894位,,メイド,使い魔リニス,892,4
895位,,黒魔術師,ちゃも３８,892,3
896位,,黒魔術師,ﾘﾘｱﾅ,892,3
897位,,黒魔術師,ぎーちゃんです,892,3
898位,,黒魔術師,丸山ァ！,892,3
899位,,メイド,漉餡,892,3
900位,,黒魔術師,るりりーぬ,892,1
901位,,黒魔術師,翔鈴,892,1
902位,,黒魔術師,こーひーぱん,891,4
903位,,黒魔術師,☆セレスティア☆,891,4
904位,,黒魔術師,フェニι,891,4
905位,,黒魔術師,秋山_望美,891,4
906位,,メイド,ｺﾚﾃﾞﾓﾒｲﾄﾞﾃﾞｽ☆,891,4
907位,,メイド,しば姫,891,4
908位,,黒魔術師,８乙女,891,3
909位,,メイド,スタカンチク,891,3
910位,,黒魔術師,リュナース,890,4
911位,,黒魔術師,ル・シェル,890,4
912位,,黒魔術師,nino☆,890,4
913位,,メイド,ブルーメイド,890,4
914位,,メイド,シス姐,890,4
915位,,黒魔術師,だれんしあ,890,3
916位,,メイド,ラヴォ,890,3
917位,,黒魔術師,ｽﾘｰｽﾞ,890,2
918位,,黒魔術師,リトルハナガシラ,890,2
919位,,黒魔術師,最近の若者,890,1
920位,,黒魔術師,山本ハウス,889,4
921位,,黒魔術師,君の股間に致命打,889,4
922位,,メイド,（ﾒ・ωｲﾄﾞ）,889,4
923位,,メイド,きゃろみてぃ,889,4
924位,,メイド,葱一族掃除係,889,4
925位,,黒魔術師,宮廷道化師,889,3
926位,,黒魔術師,紫杏,889,3
927位,,黒魔術師,小林幸子,889,3
928位,,黒魔術師,ｴﾝﾁｬﾝﾄﾚｽ,889,2
929位,,黒魔術師,シャチカ,889,0
930位,,メイド,虹春５,889,0
931位,,黒魔術師,犬神紅蓮,888,4
932位,,黒魔術師,ネイルアート,888,4
933位,,メイド,ねるとす,888,4
934位,,メイド,高宮まり,888,4
935位,,メイド,ほたちゃい,888,4
936位,,メイド,『野田洋次郎』,888,4
937位,,黒魔術師,xソアラx,888,3
938位,,メイド,弱い子＠つよみん,888,3
939位,,黒魔術師,あやっくす,888,1
940位,,メイド,ヴァネッサの加護,888,1
941位,,黒魔術師,Vinland,888,0
942位,,黒魔術師,hoあいちゃんho,888,0
943位,,メイド,シャゲダン女王,888,0
944位,,黒魔術師,こどものおさけ,887,4
945位,,黒魔術師,アセンブルハート,887,4
946位,,黒魔術師,Administrａtor,887,4
947位,,黒魔術師,最弱黒魔術師,887,4
948位,,メイド,なまちゃんα,887,4
949位,,黒魔術師,ﾑｷﾑｷ,887,3
950位,,黒魔術師,ゆにゃっ,887,1
951位,,黒魔術師,東雲☆玲緒奈,887,1
952位,,黒魔術師,禁軍,887,0
953位,,メイド,GESOS,887,0
954位,,メイド,∮シロノワール∮,887,0
955位,,黒魔術師,TL70,886,4
956位,,黒魔術師,はしう,886,4
957位,,黒魔術師,ルセリナ,886,4
958位,,メイド,紛い物,886,4
959位,,メイド,WHORL,886,4
960位,,メイド,ζ良い子ζ,886,4
961位,,黒魔術師,デボーション,886,3
962位,,黒魔術師,ふるふる・ω・,886,2
963位,,黒魔術師,鬼斬々気斬,886,0
964位,,黒魔術師,ぷにここ,885,4
965位,,黒魔術師,Clariss_Corvey,885,4
966位,,黒魔術師,ワ・タ・ク・シ,885,4
967位,,黒魔術師,いぼじーろ,885,4
968位,,メイド,☆あ・ず・き☆,885,4
969位,,メイド,無口系女子,885,4
970位,,メイド,ニャンキ,885,4
971位,,メイド,五寸釘,885,4
972位,,メイド,ｷｬｽﾊﾟﾁｪ,885,4
973位,,黒魔術師,高科奈桜,885,3
974位,,メイド,寺の掃除婦,885,3
975位,,メイド,☆黒檻のヒナ☆,885,3
976位,,黒魔術師,泉の底＠いずみん,884,4
977位,,黒魔術師,♪Juliet♪,884,4
978位,,黒魔術師,マルチーノ,884,4
979位,,黒魔術師,Dior☆彡,884,4
980位,,黒魔術師,赤に染まるたぬき,884,4
981位,,黒魔術師,こだまDX,884,4
982位,,メイド,☆ミュルミナ☆,884,4
983位,,メイド,はたらくﾒｲﾄﾞ様！,884,4
984位,,メイド,JanneLanvin,884,4
985位,,メイド,コーニャMaid,884,4
986位,,黒魔術師,誇り無き黒魔術師,884,3
987位,,黒魔術師,しなぷしゅ,884,3
988位,,メイド,Lelei,884,3
989位,,黒魔術師,黒リュシュ,884,2
990位,,黒魔術師,深海アイナ,884,2
991位,,メイド,イカ姉さん,884,1
992位,,メイド,トルティーナ,884,0
993位,,メイド,ふぇりる,883,4
994位,,メイド,URD＇,883,4
995位,,黒魔術師,すぁふ,883,3
996位,,黒魔術師,きゃわぅ,883,3
997位,,黒魔術師,桃妃,883,2
998位,,黒魔術師,ﾃﾞｨｱﾎﾞﾛ,883,1
999位,,メイド,キヨ子６,883,0
