1位,,黒魔術師,アーリア。,1610,5
2位,,メイド,ぱいぱいぺちゃ美,1552,5
3位,,メイド,つばきひめ,1508,5
4位,,黒魔術師,闇卵,1503,5
5位,,黒魔術師,£Gazelle,1448,5
6位,,黒魔術師,メロメロイド,1418,5
7位,,黒魔術師,黄金のパイン,1411,5
8位,,黒魔術師,ψ芽亜ψ,1400,5
9位,,黒魔術師,ループド,1394,5
10位,,黒魔術師,valr＿D,1377,5
11位,,黒魔術師,EscapedRabbit,1371,5
12位,,黒魔術師,雪野凜檎,1337,5
13位,,黒魔術師,йメイй,1326,5
14位,,黒魔術師,ひらぺん,1302,5
15位,,黒魔術師,鬼一家の黒魔,1284,5
16位,,黒魔術師,GESOU,1283,5
17位,,黒魔術師,asnon,1279,5
18位,,黒魔術師,いぼのじろう,1279,5
19位,,黒魔術師,狼妖,1275,5
20位,,黒魔術師,アマランテ,1272,5
21位,,黒魔術師,FrouFrou,1265,5
22位,,黒魔術師,Rel2,1264,5
23位,,黒魔術師,【EGOIST】,1262,5
24位,,黒魔術師,diid,1261,5
25位,,黒魔術師,トケンカ_柘榴,1259,5
26位,,黒魔術師,準備運動で骨折,1259,5
27位,,黒魔術師,exiatence4,1258,5
28位,,黒魔術師,闇堕ち,1258,5
29位,,黒魔術師,SonChaeYoung,1258,5
30位,,黒魔術師,えむはげK,1255,5
31位,,黒魔術師,セフィナ。,1253,5
32位,,黒魔術師,あざといたぬき,1253,5
33位,,黒魔術師,せぷてんばー,1252,5
34位,,黒魔術師,釣られないクマー,1250,5
35位,,黒魔術師,UnrealColor,1250,5
36位,,黒魔術師,†ロビン,1250,5
37位,,黒魔術師,（・ー・３３,1250,5
38位,,黒魔術師,あの日見た夕日,1250,5
39位,,黒魔術師,小さいねろ,1250,5
40位,,メイド,marinin,1250,5
41位,,メイド,てへ☆ぺろ,1250,5
42位,,黒魔術師,ふに゜,1243,5
43位,,黒魔術師,みぃどりん,1238,5
44位,,黒魔術師,ゆきのみず,1236,5
45位,,黒魔術師,結城希亜,1226,5
46位,,メイド,マッドストーム,1223,5
47位,,黒魔術師,meden,1221,5
48位,,黒魔術師,そっきん,1214,5
49位,,黒魔術師,日影アゲハ,1214,5
50位,,黒魔術師,ヴァシリッサ,1210,5
51位,,黒魔術師,三船美優,1202,5
52位,,黒魔術師,みるきちん,1200,5
53位,,黒魔術師,なーりー,1194,5
54位,,黒魔術師,αカロテン,1192,5
55位,,黒魔術師,リュミルア,1178,5
56位,,黒魔術師,StellaNigra,1150,5
57位,,黒魔術師,CandySweet2,1148,5
58位,,黒魔術師,紫りのん,1138,5
59位,,黒魔術師,黒あんちゃ,1134,5
60位,,黒魔術師,Lime。,1133,5
61位,,黒魔術師,黒魔さん,1133,5
62位,,メイド,メイドくるりん,1125,5
63位,,黒魔術師,ChateauMargaux,1120,5
64位,,黒魔術師,＄R1M,1119,5
65位,,黒魔術師,HEXs,1119,5
66位,,黒魔術師,帽子屋ちゃま,1118,5
67位,,黒魔術師,眼鏡はいいぞ,1115,5
68位,,黒魔術師,餃子魔,1115,5
69位,,黒魔術師,黒蒼穹,1111,5
70位,,黒魔術師,怜蘭,1102,5
71位,,黒魔術師,雪羽2号,1082,5
72位,,黒魔術師,ただの案山子,1081,5
73位,,黒魔術師,Salazar,1077,3
74位,,黒魔術師,楽々☆,1072,5
75位,,黒魔術師,felmo,1071,5
76位,,黒魔術師,角巻わためぇ,1071,5
77位,,黒魔術師,ﾆｺ・ロビン,1064,5
78位,,黒魔術師,ふるぅりぃ,1064,5
79位,,黒魔術師,花由良,1063,5
80位,,黒魔術師,路地裏の少女,1061,5
81位,,黒魔術師,（・ｘ・ミ）ノシ,1059,5
82位,,黒魔術師,Airoh,1057,5
83位,,黒魔術師,あーてぃ。,1053,5
84位,,黒魔術師,SK・NON,1051,5
85位,,黒魔術師,ファルサリア,1047,5
86位,,黒魔術師,NAYEON,1044,5
87位,,黒魔術師,冥王リン,1042,2
88位,,黒魔術師,（・ｘ・ミ）ノ,1041,5
89位,,メイド,Bいど,1041,5
90位,,黒魔術師,ハナピ,1039,5
91位,,黒魔術師,すてみ,1038,5
92位,,黒魔術師,天翔�V龍閃,1036,5
93位,,黒魔術師,Ahri,1035,5
94位,,黒魔術師,おとちゃん,1029,5
95位,,黒魔術師,‐NightWitch‐,1029,5
96位,,黒魔術師,黒rinjo,1026,5
97位,,黒魔術師,♪BEVEL♪,1025,5
98位,,黒魔術師,kuromasan！,1024,5
99位,,黒魔術師,アガットクイーン,1023,5
100位,,黒魔術師,２R通常,1023,5
101位,,黒魔術師,ﾟVﾟ.,1021,5
102位,,メイド,麻李亜,1021,5
103位,,黒魔術師,くろねこのて,1019,5
104位,,黒魔術師,Gelidium,1018,5
105位,,黒魔術師,Coolish♪,1015,5
106位,,黒魔術師,EinherjarNigledo,1014,5
107位,,黒魔術師,おしぐ,1014,5
108位,,黒魔術師,Bebe☆黒魔術師,1013,5
109位,,黒魔術師,神賢勝負,1013,5
110位,,黒魔術師,タナト,1013,5
111位,,黒魔術師,掃除係,1012,5
112位,,黒魔術師,伊勢灯里,1011,5
113位,,黒魔術師,Evelina,1010,5
114位,,黒魔術師,桃喰リリカ,1009,5
115位,,黒魔術師,ねこじゅつし,1008,5
116位,,黒魔術師,PeaceBlack,1006,5
117位,,黒魔術師,紅魔族めぐ,1005,5
118位,,黒魔術師,チーター山内,1005,5
119位,,黒魔術師,神と旋律,1004,5
120位,,黒魔術師,えりーとにーと,1004,5
121位,,黒魔術師,お前が働け,1004,5
122位,,黒魔術師,あぉ,1004,4
123位,,メイド,こはきゅん。,1003,5
124位,,黒魔術師,Helga_Nacha,1002,5
125位,,黒魔術師,サシャブラウス,1002,5
126位,,黒魔術師,ハンバーグ刑事,1001,5
127位,,黒魔術師,ポップピップ,1001,5
128位,,黒魔術師,ひろぽんmaid,1001,5
129位,,黒魔術師,ヘルメルナ,1001,5
130位,,黒魔術師,くろま子,1001,5
131位,,黒魔術師,mainon,1001,5
132位,,黒魔術師,GoldExWorld2022,1001,5
133位,,黒魔術師,あまのがわ,1001,5
134位,,黒魔術師,奏音かのん,1001,5
135位,,メイド,家政婦ぷーちゃん,1001,5
136位,,メイド,ほむぅママ,1001,5
137位,,メイド,きんしろ,1001,3
138位,,黒魔術師,天＿黒,1000,5
139位,,黒魔術師,たんぬんぬ,1000,5
140位,,黒魔術師,カロテン２号機,1000,5
141位,,黒魔術師,黒魔くるりん,1000,5
142位,,黒魔術師,マッスルさいとう,1000,5
143位,,黒魔術師,わかりみがふかい,1000,5
144位,,黒魔術師,DTくろま,1000,5
145位,,黒魔術師,ゆんみん,1000,5
146位,,黒魔術師,ナクシャ,1000,5
147位,,黒魔術師,＄金剛石＄,1000,5
148位,,黒魔術師,しらたま団子ＬＬ,1000,5
149位,,メイド,なまる,1000,5
150位,,黒魔術師,しぐれうい。,1000,3
151位,,黒魔術師,あるじさまぁ♪,998,5
152位,,メイド,やみりえ,998,0
153位,,黒魔術師,suppliant,994,5
154位,,黒魔術師,我慢できない。,992,5
155位,,メイド,べホイミ,992,5
156位,,黒魔術師,しろまろ,990,5
157位,,黒魔術師,おこの姫,989,5
158位,,黒魔術師,さきか,988,5
159位,,黒魔術師,まろしば,987,5
160位,,黒魔術師,枢木,986,1
161位,,黒魔術師,フォルメンテーラ,983,5
162位,,黒魔術師,桃花狼,981,5
163位,,黒魔術師,☆utaha☆,978,5
164位,,黒魔術師,淡紅,978,5
165位,,黒魔術師,神龍院莉緒,977,5
166位,,黒魔術師,メイチュ,977,5
167位,,黒魔術師,DSKO164,976,5
168位,,黒魔術師,黒さん２,976,5
169位,,黒魔術師,εBellε,976,4
170位,,メイド,クワァームイ,975,5
171位,,黒魔術師,内憂外患,972,5
172位,,黒魔術師,ぴよこのこ,972,5
173位,,黒魔術師,ふらりん,970,5
174位,,黒魔術師,Haver,969,5
175位,,メイド,Vipsania,969,5
176位,,黒魔術師,如月よた,967,5
177位,,メイド,もぉ〜たん♪,967,5
178位,,黒魔術師,りば,966,5
179位,,黒魔術師,グランゼ,966,5
180位,,黒魔術師,おけけパワー中島,966,3
181位,,メイド,めいど☆彡,965,5
182位,,黒魔術師,ブランディッシュ,965,0
183位,,黒魔術師,愛理。,964,5
184位,,黒魔術師,AshForce,964,5
185位,,黒魔術師,黒球爆発ﾄﾞｯｺｲｼｮ,963,5
186位,,メイド,しるちゃそ,963,5
187位,,黒魔術師,れい嬢,962,5
188位,,黒魔術師,☆ｍｅｉ☆,962,3
189位,,黒魔術師,鳶一折紙,961,5
190位,,黒魔術師,純華,961,5
191位,,メイド,☆ﾏﾐﾑﾒｲﾄﾞ☆,961,5
192位,,黒魔術師,闇魔法グルグル,960,5
193位,,メイド,がるびぃ,960,5
194位,,黒魔術師,ラザードゥ,960,3
195位,,黒魔術師,stitch卍,959,5
196位,,メイド,アルウェンシス,959,5
197位,,メイド,syuKuroma［G］,959,5
198位,,黒魔術師,Cloche,957,5
199位,,黒魔術師,木乃花志乃,956,5
200位,,黒魔術師,Ｄaydream,956,5
201位,,メイド,GabrielCeresta,955,5
202位,,黒魔術師,ｸﾗﾘｰﾈ,955,4
203位,,黒魔術師,Bastet☆,954,5
204位,,黒魔術師,雪見時雨,954,5
205位,,黒魔術師,しのぶちゃ,953,5
206位,,メイド,赤いヘアピン,953,5
207位,,黒魔術師,楽園の翼,953,4
208位,,黒魔術師,Ricty,952,5
209位,,黒魔術師,金くろまちゃん,952,5
210位,,メイド,星乃珈琲店☆ミ,952,5
211位,,黒魔術師,☆桜月夜♪♪,951,5
212位,,黒魔術師,ドS上司,951,5
213位,,黒魔術師,ブラックメリア,950,5
214位,,黒魔術師,シスターミコ,949,5
215位,,黒魔術師,セリシュア,949,5
216位,,黒魔術師,kurokko,947,5
217位,,黒魔術師,YAMASA・BLACK,947,5
218位,,黒魔術師,Levicoco,947,5
219位,,黒魔術師,カタリナ卿,947,3
220位,,黒魔術師,Narmaya,946,5
221位,,黒魔術師,ちくわ売り,946,5
222位,,黒魔術師,ロベリアエリヌス,946,5
223位,,黒魔術師,1期一会,946,5
224位,,黒魔術師,Ling時雨,946,5
225位,,黒魔術師,☆EMIRIA☆,946,4
226位,,メイド,かんなひめ,944,5
227位,,メイド,お仕置きだぞ！,944,5
228位,,黒魔術師,kuromasan♪,943,5
229位,,黒魔術師,カボスの黒魔,943,5
230位,,黒魔術師,くろま～,943,5
231位,,メイド,アンヘルΘ,943,5
232位,,メイド,Gauvain,943,0
233位,,黒魔術師,かりすまにーと。,942,5
234位,,メイド,減塩,942,3
235位,,黒魔術師,マルアカ∞,941,5
236位,,メイド,レネに尽くします,941,5
237位,,黒魔術師,とろっとろ角煮,940,5
238位,,黒魔術師,アビス・ノアール,940,5
239位,,黒魔術師,電撃☆BOP,940,5
240位,,黒魔術師,たりーずｍ,940,5
241位,,黒魔術師,ソキル,940,5
242位,,黒魔術師,酒肴,940,5
243位,,黒魔術師,華のしずく,940,2
244位,,黒魔術師,ぱいんさいだー,939,5
245位,,メイド,cleep,939,5
246位,,黒魔術師,ロズリーヌ,939,3
247位,,黒魔術師,ペローナ様,939,0
248位,,黒魔術師,盟℃,938,5
249位,,メイド,Nostromo,938,5
250位,,メイド,ﾊﾟｰﾌﾟﾙﾚﾃﾞｨ,938,5
251位,,黒魔術師,醤油あぶら,938,4
252位,,黒魔術師,滅っちゃん,937,5
253位,,黒魔術師,マリフィア,937,5
254位,,黒魔術師,黑のワルツ,937,5
255位,,黒魔術師,嵐ちゅわん,937,4
256位,,黒魔術師,麻沙未,936,5
257位,,黒魔術師,こーひーぱん,936,5
258位,,黒魔術師,天ﾉ暗黒,936,5
259位,,黒魔術師,サシャーー,936,5
260位,,黒魔術師,イチゴの黒魔,935,5
261位,,黒魔術師,みっちゃん♪夜,935,5
262位,,黒魔術師,冬宿レム,935,5
263位,,黒魔術師,クル・クル,934,5
264位,,黒魔術師,おとぎ国の牡丹,934,5
265位,,黒魔術師,エルネスティーネ,934,5
266位,,黒魔術師,えーす卿,934,5
267位,,メイド,魔女子メグ,934,4
268位,,黒魔術師,Nitestalker,933,5
269位,,黒魔術師,きゃりーぱこぱこ,933,5
270位,,黒魔術師,金ｔｙ－る,933,5
271位,,黒魔術師,はやっち,933,5
272位,,黒魔術師,TIBIMIKO,933,3
273位,,メイド,迷子羊,933,3
274位,,黒魔術師,ko愛梨ok,933,2
275位,,黒魔術師,時計塔のマリア,933,2
276位,,黒魔術師,21金育ち,932,5
277位,,黒魔術師,ルーﾅ,932,5
278位,,メイド,ペコ☆エルモア,932,5
279位,,黒魔術師,吉田☆早希,932,0
280位,,黒魔術師,デリメコ,931,5
281位,,黒魔術師,インティクス,931,5
282位,,黒魔術師,リップスティック,931,5
283位,,黒魔術師,ちゃっぽりん,931,5
284位,,黒魔術師,豹火,931,5
285位,,メイド,ら行のメイド,931,5
286位,,メイド,☆マーメイド☆,931,4
287位,,黒魔術師,イリスフィリア,931,0
288位,,黒魔術師,黒魔参,930,5
289位,,黒魔術師,ミッキークイーン,930,5
290位,,黒魔術師,天空の黒猫,930,5
291位,,黒魔術師,おまん小豆茶,930,5
292位,,黒魔術師,君色ラテアート,930,5
293位,,黒魔術師,Rivaas,930,5
294位,,黒魔術師,トダエ,930,5
295位,,メイド,AEREON,930,5
296位,,黒魔術師,ﾓﾝｺﾞﾒﾘｰ・ﾊﾝﾅ,930,3
297位,,黒魔術師,きなこ♪,930,3
298位,,黒魔術師,Object268,930,3
299位,,メイド,Henrietta♪,930,2
300位,,黒魔術師,旗持ちたぬき,929,5
301位,,メイド,ダブルブラック,929,4
302位,,黒魔術師,お邪魔しま～す,929,1
303位,,黒魔術師,サンちゃん♪,929,0
304位,,メイド,家政婦のメイ,929,0
305位,,黒魔術師,ｸﾛｰﾑ髑髏,928,5
306位,,黒魔術師,ラファ・エル,928,5
307位,,黒魔術師,鴇羽,928,5
308位,,黒魔術師,Sara・Shane,928,5
309位,,黒魔術師,抹白吏架,928,5
310位,,メイド,柚子菜,928,3
311位,,黒魔術師,黒魔術師れね,927,5
312位,,黒魔術師,みむら,927,5
313位,,黒魔術師,もう…えっち！,927,5
314位,,黒魔術師,§ぱみゅ§,927,5
315位,,黒魔術師,クロチルダ,927,5
316位,,黒魔術師,Critical_Crystal,927,5
317位,,黒魔術師,警視庁交通執行係,927,5
318位,,黒魔術師,ⅩSennaⅩ,927,4
319位,,メイド,まるもふ,927,0
320位,,黒魔術師,ウインマリリン,926,5
321位,,黒魔術師,JIRUHI,926,5
322位,,黒魔術師,めうめう,926,5
323位,,黒魔術師,LiselotteCretia,926,5
324位,,黒魔術師,音流λ,926,5
325位,,黒魔術師,万屋凜ちゃん,926,5
326位,,黒魔術師,ビビリン,926,5
327位,,黒魔術師,クロシェット,926,3
328位,,黒魔術師,無限ｸﾛﾏぷっち,926,3
329位,,黒魔術師,月乃アスナ,925,5
330位,,黒魔術師,呂玲崎,925,5
331位,,黒魔術師,吾輩も猫である,925,5
332位,,メイド,えだまめcrisis,925,5
333位,,黒魔術師,☆ケリー,925,0
334位,,黒魔術師,Rauha。,924,5
335位,,黒魔術師,☆エルー☆,924,5
336位,,黒魔術師,メイファイア,924,5
337位,,メイド,お豆腐姫,924,5
338位,,黒魔術師,小豆ﾊﾟﾝﾀﾞﾁｬｰﾝ♪,924,3
339位,,メイド,ぺろりん♪,924,1
340位,,黒魔術師,☆ゆるキャラ☆,923,5
341位,,黒魔術師,ｺﾞｰﾙﾃﾞﾝﾁｬｲﾙﾄﾞ,923,5
342位,,黒魔術師,桃冠,923,5
343位,,黒魔術師,李怨,923,5
344位,,黒魔術師,ちしゃみ,923,5
345位,,メイド,meido10,923,5
346位,,黒魔術師,∇聖闇星∇,923,4
347位,,メイド,hideto203402,923,4
348位,,メイド,メイド物理です,923,1
349位,,黒魔術師,＄導師＄,922,5
350位,,黒魔術師,Elrena,922,5
351位,,黒魔術師,CallsignPrologue,922,5
352位,,メイド,みゅうてぃあ,922,5
353位,,メイド,冥土戦士みょん⇒,922,5
354位,,黒魔術師,嬉しそうなおすぎ,922,4
355位,,黒魔術師,ぱーる。,921,5
356位,,黒魔術師,肩透かし黒糖パン,921,5
357位,,黒魔術師,黒い女,921,5
358位,,黒魔術師,ボヨヨンロック,921,5
359位,,黒魔術師,でっか,921,5
360位,,黒魔術師,飛箒,921,5
361位,,メイド,なすちき。,921,5
362位,,メイド,テンダラー上原,921,5
363位,,メイド,Silber_Anker,921,5
364位,,メイド,ﾚｲﾄﾞ･ｸﾘｽﾃｨｰﾇ,921,5
365位,,黒魔術師,最終魔王894,921,4
366位,,メイド,みみーⅡ,921,4
367位,,黒魔術師,ダイソン（掃除）,921,3
368位,,黒魔術師,五十嵐☆清華,921,1
369位,,黒魔術師,黒紅の月,920,5
370位,,黒魔術師,ビビッドブラック,920,5
371位,,黒魔術師,冥凜,920,5
372位,,黒魔術師,ライナスの毛布,920,5
373位,,黒魔術師,kulock,920,5
374位,,メイド,Wホワイト,920,5
375位,,黒魔術師,乳眼鏡,920,4
376位,,メイド,hideto2015k,920,4
377位,,黒魔術師,ワイルドイブ,920,3
378位,,黒魔術師,そこがかゆいの,919,5
379位,,黒魔術師,ななちゃんまる,919,5
380位,,黒魔術師,遠見空花,919,5
381位,,メイド,レア・セドゥ,919,5
382位,,メイド,ですの！,919,5
383位,,メイド,リゼ様。,919,4
384位,,黒魔術師,エヴァ・グリーン,918,5
385位,,黒魔術師,1100円,918,5
386位,,黒魔術師,☆Elaine☆黒☆彡,918,5
387位,,黒魔術師,ReeMal,918,5
388位,,黒魔術師,ｸﾞﾛｰﾗｲﾄﾃﾄﾗ,918,5
389位,,黒魔術師,AnkCrest,918,5
390位,,黒魔術師,ロマロ,918,5
391位,,黒魔術師,あぶりかぶり,918,5
392位,,黒魔術師,PopBoy,918,5
393位,,黒魔術師,Halula,918,5
394位,,黒魔術師,Yutaca¨,918,5
395位,,メイド,☆ぼろ雑巾,918,5
396位,,黒魔術師,まりこさまDX,918,0
397位,,メイド,でじ子,918,0
398位,,黒魔術師,DECORTE,917,5
399位,,黒魔術師,悪魔っこ,917,5
400位,,黒魔術師,Mel†uy,917,5
401位,,黒魔術師,むちこさん,917,5
402位,,黒魔術師,happysugarlife,917,5
403位,,黒魔術師,あみのすけ,917,5
404位,,黒魔術師,ⅹ麗羅ⅹ,917,5
405位,,メイド,わべ美,917,5
406位,,メイド,阿麻弥姑,917,5
407位,,黒魔術師,デラックスクロマ,917,4
408位,,黒魔術師,クミⅤ,917,2
409位,,黒魔術師,美しき闘将,917,0
410位,,黒魔術師,イングラム田中,916,5
411位,,黒魔術師,ⅹ月ⅹ,916,5
412位,,黒魔術師,ⅹエマⅹ,916,5
413位,,黒魔術師,☆リ☆リ☆,916,5
414位,,黒魔術師,ぺろはち,916,5
415位,,黒魔術師,こんちゃんだ,916,5
416位,,メイド,したちゃ,916,5
417位,,メイド,ﾒｲﾄﾞ・ｲﾝ・ｼﾞｬﾊﾟﾝ,916,5
418位,,黒魔術師,monako先輩,916,4
419位,,黒魔術師,白なな,916,4
420位,,黒魔術師,KING08,916,4
421位,,黒魔術師,黒の煉術士,916,3
422位,,黒魔術師,黒ゆり,916,0
423位,,黒魔術師,ツンデレ姉ちゃん,916,0
424位,,黒魔術師,ｼｬｰﾛｯﾄ･K･ﾐｭｰﾙ,915,5
425位,,黒魔術師,雷くま,915,5
426位,,黒魔術師,テンピ,915,5
427位,,黒魔術師,Kaylee,915,5
428位,,黒魔術師,えろ神,915,5
429位,,黒魔術師,あみたみーな,915,5
430位,,黒魔術師,フェイリア,915,5
431位,,黒魔術師,アニエッタ,915,5
432位,,メイド,ｶｽﾀｰﾄﾞﾌﾟﾃﾞｨﾝｸﾞ,915,5
433位,,メイド,カロリーメイド,915,5
434位,,メイド,§Shinon§,915,5
435位,,黒魔術師,GES０U,915,4
436位,,黒魔術師,碧藍,915,3
437位,,メイド,つう♪,915,3
438位,,メイド,SAYOKOGON,915,0
439位,,黒魔術師,七星守護,914,5
440位,,黒魔術師,終音よた,914,5
441位,,黒魔術師,生粋の男の娘,914,5
442位,,黒魔術師,Kkuta,914,5
443位,,黒魔術師,ﾃﾝﾌｨｰﾄ,914,5
444位,,メイド,九菖,914,5
445位,,黒魔術師,NemuNoki,914,4
446位,,メイド,ツキウサ,914,4
447位,,黒魔術師,ハデス☆,914,3
448位,,黒魔術師,AlexisBledel,914,1
449位,,黒魔術師,ナチェア,914,1
450位,,メイド,宝飾の指,914,1
451位,,黒魔術師,クレア・マット,914,0
452位,,黒魔術師,海なな,914,0
453位,,黒魔術師,tantan_05,913,5
454位,,黒魔術師,ピンク髪のお姉様,913,5
455位,,黒魔術師,絶禍,913,5
456位,,黒魔術師,紫紺野牡丹,913,5
457位,,黒魔術師,みりぁん,913,5
458位,,メイド,Cattleya☆,913,5
459位,,黒魔術師,西洞院百合子,913,3
460位,,黒魔術師,導師みぬき,913,3
461位,,黒魔術師,くくり♪,913,3
462位,,黒魔術師,城ヶ崎美嘉,913,2
463位,,黒魔術師,漆黒の黒板,913,2
464位,,メイド,CandiceAccola,913,1
465位,,黒魔術師,宮王子蓮,913,0
466位,,黒魔術師,とるりり,913,0
467位,,メイド,ドジっ子らりー,913,0
468位,,黒魔術師,Mello_Yello,912,5
469位,,黒魔術師,黒薔薇の騎士,912,5
470位,,黒魔術師,天＿烙,912,5
471位,,黒魔術師,Tough＆Cute,912,5
472位,,黒魔術師,激辛キムチ,912,5
473位,,黒魔術師,喫茶黒うさぎ,912,5
474位,,黒魔術師,嫌です。,912,5
475位,,黒魔術師,まくろ,912,5
476位,,黒魔術師,ﾘﾘｴｰﾙ・ﾌﾞﾗｯﾄﾞﾘｨ,912,5
477位,,黒魔術師,kita06,912,4
478位,,黒魔術師,ティラミスパフェ,912,0
479位,,黒魔術師,ダスキングレート,912,0
480位,,黒魔術師,う～ちゃ♪,912,0
481位,,黒魔術師,ねこ・くろ,911,5
482位,,黒魔術師,ポルチーニ。,911,5
483位,,黒魔術師,nattsu。,911,5
484位,,黒魔術師,芳峰,911,5
485位,,メイド,津川瑞希♪,911,5
486位,,黒魔術師,TL70,911,4
487位,,黒魔術師,猫のうんち,911,4
488位,,メイド,xレイニーx,911,4
489位,,黒魔術師,けいら・ゆうみ,911,2
490位,,メイド,いもみん♪,911,2
491位,,黒魔術師,kurojuna,911,0
492位,,黒魔術師,アンデス神ＤＸＵ,910,5
493位,,黒魔術師,道徳塗説,910,5
494位,,黒魔術師,ねこ魔,910,5
495位,,黒魔術師,GoldExecute,910,5
496位,,黒魔術師,せらますみ,910,5
497位,,黒魔術師,エルフィーユ,910,5
498位,,黒魔術師,こここ子,910,5
499位,,黒魔術師,GoldExaggerate,910,5
500位,,黒魔術師,ほむりりぃ,910,5
501位,,黒魔術師,おさわり探偵,910,5
502位,,黒魔術師,リアル男の娘,910,5
503位,,メイド,ｼｪﾘｱ・ﾊﾞｰﾝｽﾞ,910,5
504位,,メイド,ボンボンショコラ,910,5
505位,,メイド,メイドAA,910,5
506位,,黒魔術師,エカルト,910,4
507位,,黒魔術師,靈狐,910,4
508位,,メイド,hideto201509,910,4
509位,,メイド,給仕みぬき,910,3
510位,,黒魔術師,もちゃ術師,910,2
511位,,黒魔術師,黒め,910,2
512位,,黒魔術師,闇魔女,910,2
513位,,メイド,ぺろもん♪,910,2
514位,,メイド,るんばあ,910,2
515位,,黒魔術師,☆リンダ☆,910,0
516位,,黒魔術師,くろまたん,910,0
517位,,黒魔術師,か〜らΨ,909,5
518位,,黒魔術師,羅魅唖,909,5
519位,,黒魔術師,天輪姫,909,5
520位,,黒魔術師,おーとます,909,5
521位,,黒魔術師,minasΨ,909,5
522位,,黒魔術師,トキシッコ,909,5
523位,,黒魔術師,hironasu,909,5
524位,,黒魔術師,直怜,909,5
525位,,黒魔術師,ムズムズ,909,5
526位,,黒魔術師,デカァーイ！（説,909,5
527位,,メイド,♪せんこ♪,909,5
528位,,メイド,桜小町,909,5
529位,,メイド,M‐I‐Y‐U,909,5
530位,,メイド,キシ男のメイド,909,5
531位,,黒魔術師,麗しのサブリナ,909,4
532位,,黒魔術師,VladDrakulya,909,4
533位,,メイド,R_YU_NA,909,4
534位,,メイド,siｍpｌｅ,909,4
535位,,黒魔術師,Milky____,909,2
536位,,黒魔術師,ランブル＠,909,2
537位,,黒魔術師,結璃,909,1
538位,,黒魔術師,Vtuber不断シエﾉﾚ,909,0
539位,,黒魔術師,箒砕,909,0
540位,,黒魔術師,アヒャコ,909,0
541位,,メイド,めいど☆,909,0
542位,,メイド,白の海皇,909,0
543位,,黒魔術師,くろみさ,908,5
544位,,黒魔術師,ｸﾞﾗﾝｱﾚｸﾞﾘｱ,908,5
545位,,黒魔術師,ぴろま,908,5
546位,,黒魔術師,Luculia,908,5
547位,,黒魔術師,Asriel,908,5
548位,,黒魔術師,紅蓮の黒魔術士,908,5
549位,,メイド,ティアレット,908,5
550位,,メイド,まなぷりんメイド,908,5
551位,,メイド,ヾ（・ω´・；）,908,5
552位,,黒魔術師,レイアーティ,908,4
553位,,メイド,meika,908,4
554位,,メイド,harokunn,908,3
555位,,メイド,すんどめ,908,2
556位,,黒魔術師,黒魔＠１,908,1
557位,,黒魔術師,玉cool,908,1
558位,,黒魔術師,のるごん,908,0
559位,,黒魔術師,春姫†,907,5
560位,,黒魔術師,かとうえみり,907,5
561位,,黒魔術師,朱の弦月,907,5
562位,,黒魔術師,うそつかない,907,5
563位,,黒魔術師,クレーちゃん,907,5
564位,,黒魔術師,ChristmasCandle,907,5
565位,,黒魔術師,神無音,907,5
566位,,黒魔術師,Shenhua,907,5
567位,,黒魔術師,そとわくO,907,5
568位,,メイド,みつばひめ,907,5
569位,,メイド,coach7533,907,5
570位,,メイド,まりあんな,907,5
571位,,メイド,奴隷メイド,907,5
572位,,メイド,星咲せいら,907,5
573位,,メイド,Correctio,907,5
574位,,メイド,myuumei,907,5
575位,,メイド,ざくざく００７,907,5
576位,,黒魔術師,Erza‐Scarlett,907,4
577位,,黒魔術師,麗艶姫,907,4
578位,,黒魔術師,Greole,907,4
579位,,黒魔術師,nyamu,907,4
580位,,メイド,キュｰティｰハニｰ,907,4
581位,,メイド,殺戮ロボ,907,4
582位,,黒魔術師,雅輝,907,3
583位,,黒魔術師,笹木咲,907,3
584位,,黒魔術師,れいきゃξ,907,3
585位,,メイド,闇黒女王,907,3
586位,,黒魔術師,ナリタタイシン,907,2
587位,,メイド,可愛いって言って,907,1
588位,,黒魔術師,ろずりーぬ,907,0
589位,,黒魔術師,黒ゆう,907,0
590位,,黒魔術師,おなかぺこ,907,0
591位,,黒魔術師,ぺる☆,907,0
592位,,黒魔術師,核砕,907,0
593位,,メイド,嵐ちゃわ〜ん,907,0
594位,,メイド,おそうじチェリー,907,0
595位,,メイド,☆メリー,907,0
596位,,黒魔術師,逃げます逃げます,906,5
597位,,黒魔術師,G9（10）,906,5
598位,,黒魔術師,幻創のイデア,906,5
599位,,黒魔術師,くろまか,906,5
600位,,黒魔術師,Chartreux,906,5
601位,,メイド,datex,906,5
602位,,メイド,おていちゃん,906,5
603位,,メイド,Izavel,906,5
604位,,黒魔術師,らぶりん,906,4
605位,,黒魔術師,※Mding※,906,4
606位,,黒魔術師,マリーダちゃん,906,4
607位,,黒魔術師,みんと提督,906,4
608位,,黒魔術師,☆黒燿☆,906,4
609位,,黒魔術師,お掃除監督,906,4
610位,,メイド,簀巻２,906,4
611位,,メイド,フィオ・ピッコロ,906,4
612位,,メイド,まるねこ,906,4
613位,,メイド,バルディオーク～,906,4
614位,,メイド,っパイン,906,3
615位,,黒魔術師,魔人フィーナ,906,0
616位,,黒魔術師,GoldExtinguish,906,0
617位,,黒魔術師,GoldExcavation,906,0
618位,,黒魔術師,コロナナモレモモ,906,0
619位,,黒魔術師,照井川,906,0
620位,,メイド,Hordaine,906,0
621位,,メイド,お疲れ様,906,0
622位,,黒魔術師,イヴェル,905,5
623位,,黒魔術師,めいどらら,905,5
624位,,黒魔術師,＄金魔術師＄,905,5
625位,,黒魔術師,あざといやるを,905,5
626位,,黒魔術師,グレイスレイン,905,5
627位,,黒魔術師,第6ﾄﾞｰﾙ雛苺,905,5
628位,,黒魔術師,ドーラ船長,905,5
629位,,メイド,永・凹・阿阿瑠：,905,5
630位,,メイド,里見菜穂子,905,5
631位,,メイド,ogsan,905,5
632位,,メイド,ショチケツアル,905,5
633位,,黒魔術師,ベガ☆,905,4
634位,,黒魔術師,冷凍夏みかん,905,4
635位,,黒魔術師,朱狐,905,4
636位,,黒魔術師,黒丸さん,905,4
637位,,メイド,メイドΩ,905,4
638位,,黒魔術師,殲滅いたします。,905,2
639位,,黒魔術師,sorok0n,905,0
640位,,黒魔術師,大雨の中でBBQ,905,0
641位,,黒魔術師,ふゆあき,904,5
642位,,黒魔術師,のっぽパン2020,904,5
643位,,黒魔術師,GoldExquisite,904,5
644位,,黒魔術師,GoldExclaim,904,5
645位,,黒魔術師,IdluLili,904,5
646位,,黒魔術師,ACE魔,904,5
647位,,黒魔術師,アモリト,904,5
648位,,黒魔術師,闇落ちチルル,904,5
649位,,黒魔術師,Lemon§tree,904,5
650位,,黒魔術師,ユリアス・カイン,904,5
651位,,黒魔術師,ﾘｰﾘｬﾙ・ｻﾞﾊｰﾄﾞ,904,5
652位,,メイド,ぼたんひめ,904,5
653位,,メイド,苺妃,904,5
654位,,メイド,あかねひめ,904,5
655位,,メイド,お任せします,904,5
656位,,メイド,アースロゼ,904,5
657位,,メイド,きせつ,904,5
658位,,メイド,幻の撃墜王－偽者,904,5
659位,,メイド,ミルクフラペチー,904,5
660位,,黒魔術師,阿備,904,4
661位,,メイド,怪しいメイド,904,4
662位,,メイド,テマミ,904,4
663位,,黒魔術師,Grand_Red,904,3
664位,,メイド,墓穴ちゃん☆彡,904,3
665位,,メイド,FoxyTail,904,2
666位,,黒魔術師,なすか,904,1
667位,,黒魔術師,naranja,904,0
668位,,黒魔術師,暗黒の女王,904,0
669位,,黒魔術師,RE￠NA,903,5
670位,,黒魔術師,††雷光一閃††,903,5
671位,,黒魔術師,めいどららぁ,903,5
672位,,黒魔術師,のっぽパン2019,903,5
673位,,黒魔術師,うぇぷぉ,903,5
674位,,黒魔術師,腸炎ビブリオ,903,5
675位,,黒魔術師,lonfe,903,5
676位,,黒魔術師,暴食の化身エリス,903,5
677位,,黒魔術師,たこしゅ,903,5
678位,,黒魔術師,林檎桃花姫M,903,5
679位,,黒魔術師,ソシナ,903,5
680位,,メイド,すずなひめ,903,5
681位,,メイド,フィッシュル,903,5
682位,,メイド,まみんご,903,5
683位,,メイド,旅人リラン,903,5
684位,,黒魔術師,じゃがいもまる,903,4
685位,,黒魔術師,しばいぬ,903,4
686位,,黒魔術師,こらんだむ＋,903,4
687位,,黒魔術師,魔人NN,903,4
688位,,黒魔術師,アーチゾルデ,903,4
689位,,黒魔術師,〓黒魔〓,903,4
690位,,メイド,Flu_MAⅡ,903,4
691位,,黒魔術師,花天月地♪,903,3
692位,,黒魔術師,エミーシャ,903,3
693位,,メイド,ルケリーノ,903,3
694位,,黒魔術師,ソェイル,903,2
695位,,黒魔術師,76th,903,1
696位,,黒魔術師,鬼黒魔,903,0
697位,,メイド,金鯖産黒魔2017,903,0
698位,,メイド,VALRHONA,903,0
699位,,メイド,鈴原川,903,0
700位,,黒魔術師,肉まんくん,902,5
701位,,黒魔術師,Crudelis,902,5
702位,,黒魔術師,れい☆ちぇる,902,5
703位,,黒魔術師,モツ美,902,5
704位,,黒魔術師,hina氏,902,5
705位,,黒魔術師,ココロフロート,902,5
706位,,黒魔術師,メダカハウス,902,5
707位,,黒魔術師,そらしどδ,902,5
708位,,黒魔術師,ヴァツリッサ,902,5
709位,,黒魔術師,iiiiiiiliiii,902,5
710位,,黒魔術師,おかゆん,902,5
711位,,メイド,あやめひめ,902,5
712位,,メイド,しおんひめ,902,5
713位,,メイド,あざみひめ,902,5
714位,,メイド,すみれひめ,902,5
715位,,メイド,崖の下のボニョ,902,5
716位,,メイド,エミーナ♪,902,5
717位,,メイド,なめたけ師匠,902,5
718位,,黒魔術師,コメットさん☆彡,902,4
719位,,黒魔術師,伊吹愛奈,902,4
720位,,黒魔術師,メンヘラちゃん,902,4
721位,,黒魔術師,ユジス,902,4
722位,,黒魔術師,hanageちゃん,902,4
723位,,黒魔術師,ダメ黒,902,4
724位,,メイド,リトロン,902,4
725位,,メイド,だくねす,902,4
726位,,メイド,ペロリンヌ,902,4
727位,,黒魔術師,ねこ魔術師,902,3
728位,,黒魔術師,Apple黒魔001,902,3
729位,,黒魔術師,黒魔Chang,902,3
730位,,黒魔術師,AbisNekuron,902,3
731位,,黒魔術師,κοη＋,902,3
732位,,黒魔術師,リーシアＥ,902,3
733位,,メイド,メイ・ド＝サン,902,3
734位,,メイド,ﾀﾞｸﾈｽ家ﾒｲﾄﾞ長,902,3
735位,,メイド,らいにゃん,902,3
736位,,黒魔術師,sserecros,902,2
737位,,メイド,WitchMago,902,2
738位,,メイド,IceQueen,902,2
739位,,メイド,LastWitch,902,2
740位,,メイド,VampirePrincess,902,2
741位,,黒魔術師,裸足の乙女,902,1
742位,,黒魔術師,にーちゅ,902,0
743位,,黒魔術師,NakedApeG,902,0
744位,,メイド,ApronDress,902,0
745位,,メイド,LittleHelper,902,0
746位,,黒魔術師,清掃ボランティア,901,5
747位,,黒魔術師,pinky☆swear,901,5
748位,,黒魔術師,nino☆,901,5
749位,,黒魔術師,くろま。,901,5
750位,,黒魔術師,Guran．,901,5
751位,,黒魔術師,pechita,901,5
752位,,黒魔術師,ChocolateMocha,901,5
753位,,黒魔術師,セつコ,901,5
754位,,黒魔術師,＄金柑＄,901,5
755位,,黒魔術師,かにめし,901,5
756位,,黒魔術師,rabi。,901,5
757位,,黒魔術師,仇月,901,5
758位,,メイド,жSyuＳyuж,901,5
759位,,メイド,OVA零号機,901,5
760位,,メイド,よなぐにっ,901,5
761位,,メイド,ﾊﾟﾘﾋﾟ先生,901,5
762位,,メイド,いずみさわ,901,5
763位,,メイド,Clochedor,901,5
764位,,メイド,伯耆守,901,5
765位,,メイド,碧白,901,5
766位,,メイド,みくりんк,901,5
767位,,メイド,夏目准,901,5
768位,,黒魔術師,o燐火o,901,4
769位,,黒魔術師,ψプラネψ,901,4
770位,,黒魔術師,雪風♪,901,4
771位,,黒魔術師,ぱにゃにゃん,901,4
772位,,メイド,亜加里,901,4
773位,,メイド,××ぞう××,901,4
774位,,メイド,るん子,901,4
775位,,メイド,カッチョーン,901,4
776位,,黒魔術師,紫杏,901,3
777位,,黒魔術師,クランケ,901,3
778位,,黒魔術師,ふぅりん,901,3
779位,,黒魔術師,金玉乱れ太郎,901,3
780位,,メイド,どれみふぁそ,901,3
781位,,黒魔術師,だくっち,901,2
782位,,黒魔術師,ねろ38,901,1
783位,,黒魔術師,倚音,901,0
784位,,メイド,トゥールビヨン,901,0
785位,,メイド,安東川,901,0
786位,,黒魔術師,＃mura＃,900,5
787位,,黒魔術師,なずなひめ,900,5
788位,,黒魔術師,メシャクブラック,900,5
789位,,黒魔術師,しろろ。,900,5
790位,,黒魔術師,ﾛｽｱﾝ,900,5
791位,,黒魔術師,おにぴ。,900,5
792位,,メイド,☆美千しお,900,5
793位,,メイド,Wilhelmina_Final,900,5
794位,,メイド,ｶﾌﾟﾒﾝ風営法ｺｰﾃﾞ,900,5
795位,,メイド,グランヒル,900,5
796位,,メイド,DЯαGоηια,900,5
797位,,メイド,Myucel,900,5
798位,,メイド,ﾀｰﾆｬ･ﾃﾞｸﾞﾚﾁｬﾌ,900,5
799位,,メイド,Foaran,900,5
800位,,メイド,らもふぁー1,900,5
801位,,メイド,キャバレー,900,5
802位,,黒魔術師,マルルーモ,900,4
803位,,黒魔術師,み〜あ,900,4
804位,,黒魔術師,☆ｷｬﾝﾃﾞｨｰの箒☆,900,4
805位,,黒魔術師,ぽぬたにえん,900,4
806位,,黒魔術師,柚子里,900,4
807位,,黒魔術師,ｳｫｰﾚﾝｸﾛﾏﾃｨ,900,4
808位,,黒魔術師,いいかんじのブス,900,3
809位,,黒魔術師,maido,900,3
810位,,黒魔術師,殲滅系,900,3
811位,,黒魔術師,黒凜,900,3
812位,,黒魔術師,＊Fleur＊,900,3
813位,,メイド,§レム§,900,3
814位,,メイド,☆ユリアスR☆,900,3
815位,,メイド,舂色,900,3
816位,,メイド,秋牡丹,900,3
817位,,黒魔術師,原田さん,900,1
818位,,黒魔術師,ﾛﾌｫｶﾙ|дﾟ),900,1
819位,,黒魔術師,世も末りょうこ,900,0
820位,,黒魔術師,みゅしゃ,900,0
821位,,黒魔術師,Zagreb,900,0
822位,,黒魔術師,苺ショート系,900,0
823位,,黒魔術師,BadSweetTrap,900,0
824位,,黒魔術師,Mox☆Diamond,900,0
825位,,メイド,fusen_pro,900,0
826位,,メイド,炎メイドくるりん,900,0
827位,,黒魔術師,ナタ−リア,899,4
828位,,黒魔術師,りーしゃ。,899,4
829位,,黒魔術師,御原凛音,899,4
830位,,黒魔術師,テイクイン,899,4
831位,,黒魔術師,りぜ！,899,4
832位,,メイド,中身おっさん,899,4
833位,,メイド,☆もえもえ☆,899,4
834位,,メイド,大福餅,899,4
835位,,黒魔術師,にぶたにしんか,899,0
836位,,黒魔術師,ダークチェリー,899,0
837位,,黒魔術師,KAKA☆ブラマジ,899,0
838位,,黒魔術師,ルナサウト,899,0
839位,,黒魔術師,胡蝶しのぶ,899,0
840位,,メイド,みたらしぷりん,899,0
841位,,黒魔術師,こどものおさけ,898,4
842位,,黒魔術師,KissOverUnique,898,4
843位,,メイド,魔メイド,898,4
844位,,メイド,Superior,898,4
845位,,メイド,おとちゃん．,898,3
846位,,メイド,大二女子,898,3
847位,,メイド,もふこ,898,3
848位,,メイド,ぺろん♪,898,2
849位,,黒魔術師,深淵姉さん,898,1
850位,,メイド,§黒のアリシア§,898,1
851位,,黒魔術師,らっきーすけべ,898,0
852位,,黒魔術師,ガジンDX,898,0
853位,,メイド,ぱふぱふちぇりー,898,0
854位,,メイド,masamityann,898,0
855位,,黒魔術師,プカ,897,4
856位,,黒魔術師,YuriWitch,897,4
857位,,黒魔術師,黒ぬこの烙印者,897,4
858位,,メイド,宮本部長,897,4
859位,,メイド,しんじんさん,897,4
860位,,メイド,ふじこっち,897,4
861位,,黒魔術師,凹と凸,897,3
862位,,黒魔術師,BloodyRoseMAX,897,3
863位,,黒魔術師,☆アイチ☆,897,3
864位,,黒魔術師,あびちゃーん,897,0
865位,,黒魔術師,paparako,897,0
866位,,黒魔術師,きんきぶつ,896,4
867位,,黒魔術師,ｼﾘﾉｱｰﾅ,896,4
868位,,黒魔術師,チョロミー,896,4
869位,,黒魔術師,黒チル,896,4
870位,,黒魔術師,まなぷりん黒魔,896,4
871位,,黒魔術師,maid1x2,896,4
872位,,黒魔術師,ｘまいめろｘ,896,4
873位,,黒魔術師,YAOH専属メイド,896,4
874位,,メイド,Trifoglio,896,4
875位,,メイド,ほうき大使,896,4
876位,,黒魔術師,cookerdragon,896,3
877位,,黒魔術師,¢でぃあす¢,896,3
878位,,黒魔術師,キューレ,896,1
879位,,黒魔術師,臨時教員,896,1
880位,,黒魔術師,すみちおん,896,0
881位,,黒魔術師,椎菜ちゃん,896,0
882位,,黒魔術師,ぷにここ,895,4
883位,,黒魔術師,びかいいんちょ,895,4
884位,,黒魔術師,冥術師,895,4
885位,,黒魔術師,深淵おねぇさん,895,4
886位,,黒魔術師,woo3,895,4
887位,,黒魔術師,ｱﾝｼﾞｭｶﾄﾘｰﾅ,895,4
888位,,黒魔術師,闇に飲まれよ！！,895,4
889位,,黒魔術師,ひなぽっぽ,895,4
890位,,黒魔術師,ガルニャン,895,4
891位,,メイド,Quelaag,895,4
892位,,メイド,ペちん,895,4
893位,,メイド,ぴんき〜,895,4
894位,,メイド,なっこー,895,4
895位,,メイド,麗華♪,895,4
896位,,メイド,ソーシア,895,4
897位,,黒魔術師,アカ＝キイロ,895,3
898位,,黒魔術師,どらちゃん。,895,2
899位,,黒魔術師,Munchen,894,4
900位,,黒魔術師,桜小路ルナ,894,4
901位,,黒魔術師,ひまつぶ,894,4
902位,,メイド,yamada7000,894,4
903位,,メイド,古聖所に眠る少女,894,4
904位,,メイド,わベ子,894,4
905位,,メイド,新島八重,894,4
906位,,黒魔術師,＠ゆゆこ＠,894,3
907位,,黒魔術師,Critical_Crystel,894,3
908位,,黒魔術師,ｴﾙｻﾞ･ｸﾞﾗﾝﾋﾙﾃ,894,1
909位,,メイド,ジニーちゃん♪,894,0
910位,,メイド,GESOS,894,0
911位,,メイド,雪肌,894,0
912位,,メイド,siroくまー,894,0
913位,,黒魔術師,Lmrb,893,4
914位,,メイド,Amelia☆ｼﾙｷｰ,893,4
915位,,メイド,ゆきちゃん００９,893,4
916位,,黒魔術師,AngelicGorilla,893,3
917位,,黒魔術師,KarasumaGozen,893,3
918位,,黒魔術師,shitake,893,3
919位,,黒魔術師,からす人形,893,3
920位,,黒魔術師,めいらく監視人,893,1
921位,,黒魔術師,グラ,892,4
922位,,黒魔術師,霊珠,892,4
923位,,黒魔術師,完全体ﾅｵ･ヴラド,892,4
924位,,黒魔術師,乃梨子,892,4
925位,,黒魔術師,陽奈子,892,4
926位,,黒魔術師,呪っとる,892,4
927位,,黒魔術師,よふかし,892,4
928位,,メイド,弱酸性さん,892,4
929位,,メイド,☆ちぁき☆,892,4
930位,,メイド,使い魔リニス,892,4
931位,,黒魔術師,ﾘﾘｱﾅ,892,3
932位,,黒魔術師,ちゃも３８,892,3
933位,,黒魔術師,ぎーちゃんです,892,3
934位,,黒魔術師,丸山ァ！,892,3
935位,,メイド,漉餡,892,3
936位,,黒魔術師,VEST,892,2
937位,,黒魔術師,るりりーぬ,892,1
938位,,黒魔術師,翔鈴,892,1
939位,,黒魔術師,☆セレスティア☆,891,4
940位,,黒魔術師,ブラック☆レディ,891,4
941位,,黒魔術師,秋山_望美,891,4
942位,,黒魔術師,フェニι,891,4
943位,,メイド,ブルーメイド,891,4
944位,,メイド,ｺﾚﾃﾞﾓﾒｲﾄﾞﾃﾞｽ☆,891,4
945位,,メイド,しば姫,891,4
946位,,黒魔術師,８乙女,891,3
947位,,黒魔術師,ＭaYa†,891,3
948位,,メイド,スタカンチク,891,3
949位,,黒魔術師,シャゲダン女王,891,0
950位,,黒魔術師,mil＊tee,890,4
951位,,黒魔術師,リュナース,890,4
952位,,黒魔術師,ル・シェル,890,4
953位,,メイド,Mahoro_san,890,4
954位,,メイド,シス姐,890,4
955位,,黒魔術師,だれんしあ,890,3
956位,,メイド,ラヴォ,890,3
957位,,黒魔術師,ｽﾘｰｽﾞ,890,2
958位,,黒魔術師,リトルハナガシラ,890,2
959位,,黒魔術師,東雲☆玲緒奈,890,1
960位,,黒魔術師,最近の若者,890,1
961位,,黒魔術師,山本ハウス,889,4
962位,,黒魔術師,イド森の魔女,889,4
963位,,黒魔術師,君の股間に致命打,889,4
964位,,メイド,（ﾒ・ωｲﾄﾞ）,889,4
965位,,メイド,きゃろみてぃ,889,4
966位,,メイド,葱一族掃除係,889,4
967位,,黒魔術師,宮廷道化師,889,3
968位,,黒魔術師,小林幸子,889,3
969位,,黒魔術師,ｴﾝﾁｬﾝﾄﾚｽ,889,2
970位,,メイド,ヴァネッサの加護,889,1
971位,,黒魔術師,シャチカ,889,0
972位,,メイド,虹春５,889,0
973位,,黒魔術師,あわわのわ,888,4
974位,,黒魔術師,犬神紅蓮,888,4
975位,,黒魔術師,ネイルアート,888,4
976位,,メイド,ねるとす,888,4
977位,,メイド,高宮まり,888,4
978位,,メイド,ほたちゃい,888,4
979位,,メイド,『野田洋次郎』,888,4
980位,,黒魔術師,xソアラx,888,3
981位,,メイド,弱い子＠つよみん,888,3
982位,,黒魔術師,あやっくす,888,1
983位,,黒魔術師,hoあいちゃんho,888,0
984位,,黒魔術師,Vinland,888,0
985位,,黒魔術師,アセンブルハート,887,4
986位,,黒魔術師,Administrａtor,887,4
987位,,黒魔術師,最弱黒魔術師,887,4
988位,,メイド,なまちゃんα,887,4
989位,,黒魔術師,ﾑｷﾑｷ,887,3
990位,,メイド,ドロシーリトルハ,887,2
991位,,黒魔術師,ゆにゃっ,887,1
992位,,黒魔術師,アキラ≠ドゥ≠ダ,887,1
993位,,黒魔術師,禁軍,887,0
994位,,メイド,∮シロノワール∮,887,0
995位,,黒魔術師,マキマ,886,4
996位,,黒魔術師,はしう,886,4
997位,,黒魔術師,ルセリナ,886,4
998位,,メイド,WHORL,886,4
999位,,メイド,紛い物,886,4
