1位,,ビショップ,筋肉♂パイセン,1500,5
2位,,追放天使,しらすたっぷ。,1445,5
3位,,ビショップ,nishi,1443,5
4位,,追放天使,不動心ミノル,1434,5
5位,,ビショップ,剥けたﾊﾞﾅﾅ,1423,5
6位,,追放天使,てんどーん,1415,5
7位,,ビショップ,Ⅹ左之助Ⅹ,1411,5
8位,,ビショップ,アクシズ教神官,1403,3
9位,,ビショップ,微SHOP店長DX,1390,5
10位,,追放天使,サクラサケ,1380,5
11位,,追放天使,だるし,1380,5
12位,,ビショップ,Tengallon,1355,5
13位,,ビショップ,ψXENOψ,1319,5
14位,,追放天使,モモ天,1300,5
15位,,ビショップ,ケイト・Ｂｉｓ,1297,5
16位,,ビショップ,きりまろ,1295,5
17位,,追放天使,ぎつ坊,1278,5
18位,,追放天使,王牌,1276,5
19位,,追放天使,ナテ,1271,5
20位,,追放天使,長崎マン,1263,5
21位,,追放天使,アイノ・カルピス,1262,5
22位,,追放天使,スノン,1256,5
23位,,ビショップ,ぐっちょん。,1255,5
24位,,追放天使,武乱舞流殺風,1252,5
25位,,ビショップ,Clostridium,1251,5
26位,,ビショップ,もみじ改,1250,5
27位,,追放天使,だてんちぃ,1245,5
28位,,ビショップ,ADGAD_XX,1233,5
29位,,追放天使,MarcaEclipse,1230,5
30位,,追放天使,BLUE†,1226,5
31位,,ビショップ,いいだだだ,1223,5
32位,,追放天使,浜崎伝助,1214,5
33位,,ビショップ,がらぴこぷー,1206,5
34位,,追放天使,RhymeDealer,1203,5
35位,,ビショップ,Jang_DongGun,1202,5
36位,,ビショップ,NewDecade,1202,5
37位,,ビショップ,ラクサスドレアン,1202,5
38位,,追放天使,狸崇拝,1197,5
39位,,ビショップ,回復できませんW,1197,5
40位,,追放天使,Ironheart,1196,5
41位,,追放天使,ホムンクルスＶ,1191,5
42位,,ビショップ,∮田吾作∮,1174,5
43位,,追放天使,疾走ビショップ,1173,5
44位,,追放天使,源龍,1163,5
45位,,追放天使,マッスル北村ULT,1149,5
46位,,ビショップ,田吾作♪,1149,5
47位,,追放天使,ぴよっぴよ,1147,5
48位,,追放天使,こひ天,1144,5
49位,,ビショップ,大勝利☆池田大作,1144,5
50位,,追放天使,ガチムチ・キナコ,1120,5
51位,,ビショップ,鋼の後継者,1117,5
52位,,追放天使,りんだーまん,1109,5
53位,,ビショップ,emg4159,1101,5
54位,,追放天使,癒しのガンダルフ,1091,5
55位,,追放天使,キュウチャン,1083,5
56位,,追放天使,エルロン5,1078,5
57位,,追放天使,†セラフィ,1077,5
58位,,追放天使,天空界,1070,5
59位,,ビショップ,￡リンハルト￡,1067,5
60位,,追放天使,なぐられ,1065,5
61位,,ビショップ,河井リツ子,1054,5
62位,,ビショップ,パンちゃん,1042,5
63位,,ビショップ,ヘルメットコーン,1039,5
64位,,ビショップ,忙しい母さん,1037,5
65位,,ビショップ,護衛神ミカサ,1037,5
66位,,ビショップ,島津冴子,1036,5
67位,,ビショップ,ぷちぷちいくら,1036,4
68位,,追放天使,黒田バズーカ☆ﾐ,1026,5
69位,,ビショップ,ｸﾞﾚｯｻﾝ,1025,5
70位,,ビショップ,吟太,1025,5
71位,,ビショップ,してーぼーい,1021,5
72位,,ビショップ,てんしっち桃,1021,5
73位,,追放天使,鼠李,1020,5
74位,,ビショップ,欠片出しマン,1018,5
75位,,ビショップ,浪速恋しぐれ,1018,5
76位,,ビショップ,ハニーデザイア,1018,5
77位,,ビショップ,サンディ♪,1016,5
78位,,追放天使,†マリファナ†,1015,5
79位,,ビショップ,Soga,1015,5
80位,,追放天使,サ－ル,1014,5
81位,,ビショップ,選抜救援,1014,5
82位,,追放天使,初代アスパム,1009,5
83位,,ビショップ,シエン,1009,5
84位,,ビショップ,覚醒ｵｶﾝ,1008,5
85位,,ビショップ,ハッシーラボ,1007,5
86位,,追放天使,‡ティーダ,1005,5
87位,,追放天使,ケイン・ウススギ,1005,5
88位,,追放天使,タクシーマン,1004,5
89位,,ビショップ,光範,1004,5
90位,,ビショップ,ψGEARSψ,1003,5
91位,,ビショップ,RTX_2070,1002,5
92位,,ビショップ,ラピスアゲラズリ,1002,5
93位,,ビショップ,ぽんぽんぺん,1001,3
94位,,追放天使,回復十段,1000,5
95位,,追放天使,BlSHOP,1000,5
96位,,ビショップ,BlSH０P,1000,5
97位,,ビショップ,殴られセロリ,1000,5
98位,,追放天使,まるだてんし,997,5
99位,,ビショップ,さわ,996,5
100位,,ビショップ,純米吟醸百楽門,993,5
101位,,ビショップ,Morbid_Angel,993,5
102位,,ビショップ,クールビスケット,990,2
103位,,追放天使,fukilyou,988,5
104位,,ビショップ,エスティマ_blue,987,5
105位,,ビショップ,アラゴルン＊,986,5
106位,,ビショップ,レイクウッド,986,5
107位,,ビショップ,noriko38,980,5
108位,,追放天使,purehannta‐,977,5
109位,,追放天使,アスライル,976,5
110位,,追放天使,ﾉｽﾄﾗﾀﾞﾑｽ,976,5
111位,,ビショップ,智鷹,976,5
112位,,追放天使,ショウBIS,975,5
113位,,ビショップ,ぽてちん☆,974,2
114位,,ビショップ,ガブリエル†,972,5
115位,,追放天使,婆籔仙,968,5
116位,,ビショップ,oたらちゃんo,967,5
117位,,ビショップ,福音の書,966,4
118位,,ビショップ,☆パンダ天使☆,965,5
119位,,ビショップ,野菜人γ,965,0
120位,,追放天使,ﾌｪﾘｯｸｽ,964,5
121位,,追放天使,MK7300,964,5
122位,,追放天使,よわい人,964,5
123位,,ビショップ,ΨCELESTIALΨ,964,5
124位,,ビショップ,神聖パラダイン,964,5
125位,,ビショップ,Alter_Bridge,964,5
126位,,ビショップ,緑園,963,5
127位,,追放天使,剛腕アトキンソン,962,5
128位,,追放天使,ＫＡＮＡＴＡＫＡ,961,5
129位,,追放天使,翼のおれたｴﾝｼﾞｪﾙ,961,5
130位,,ビショップ,鳥肌☆実,961,5
131位,,ビショップ,にこはん,961,5
132位,,ビショップ,クマー♪,961,5
133位,,ビショップ,☆latte☆,961,5
134位,,追放天使,父と父の父の乳,961,3
135位,,ビショップ,胎児の夢,961,3
136位,,ビショップ,勇斗,960,5
137位,,追放天使,引率者,959,5
138位,,追放天使,癒しのおじさん,958,5
139位,,追放天使,☆あきゅ☆：,958,5
140位,,ビショップ,カービイ,958,5
141位,,ビショップ,nonchan555,958,5
142位,,ビショップ,諷樺,958,5
143位,,ビショップ,いじゅ？,957,5
144位,,追放天使,すけ☆,956,5
145位,,追放天使,ピジョニ,956,5
146位,,ビショップ,レン＝アーカイト,956,5
147位,,追放天使,S‐kaine,955,5
148位,,ビショップ,アムドゥスキアス,955,5
149位,,ビショップ,赤井瑞易,955,5
150位,,ビショップ,遠き日々,955,2
151位,,ビショップ,綺麗な夜空,955,2
152位,,追放天使,俺たちは天使だ！,954,5
153位,,ビショップ,五車星,954,5
154位,,ビショップ,アラン・ポー,954,5
155位,,ビショップ,赤銅,954,5
156位,,追放天使,不快王A,953,5
157位,,ビショップ,´无,953,5
158位,,追放天使,エバリス,952,5
159位,,追放天使,北の誉,952,5
160位,,追放天使,大天使アズラエル,952,5
161位,,ビショップ,紺緋牡丹,952,0
162位,,追放天使,しょんぼり沈殿丸,951,5
163位,,ビショップ,コル宅部長ノブ,951,5
164位,,ビショップ,そこのマジェスタ,951,5
165位,,追放天使,虚弱,950,5
166位,,ビショップ,諸葛瑾,950,5
167位,,追放天使,Eｎgel,950,4
168位,,追放天使,カレーはのみもの,949,5
169位,,ビショップ,黄金卿の案内人,949,5
170位,,ビショップ,kvkp,949,5
171位,,ビショップ,祈龍,948,5
172位,,ビショップ,アドーレ,948,5
173位,,追放天使,ЙisΘiΣ,947,5
174位,,追放天使,絡繰りドール,947,5
175位,,ビショップ,たぬ太,947,5
176位,,ビショップ,影船,947,5
177位,,ビショップ,あかおにさん,947,5
178位,,追放天使,パイカル,946,5
179位,,追放天使,じゃんけん王子,946,5
180位,,追放天使,Pit_Bull,946,5
181位,,ビショップ,マネキンの石像,946,5
182位,,ビショップ,うどちゃん,946,5
183位,,ビショップ,洸洋の軍師ニコル,946,5
184位,,追放天使,霧宮悠二,945,5
185位,,追放天使,ロｰノ,945,5
186位,,ビショップ,タイプ貂蝉,945,5
187位,,ビショップ,ΨKingCrimsonΨ,945,5
188位,,ビショップ,えすち～,945,5
189位,,ビショップ,ぺヤング先生,945,5
190位,,ビショップ,namakunnn,945,3
191位,,ビショップ,持国天,944,5
192位,,ビショップ,ウワウワの孫,944,5
193位,,ビショップ,殺人通貨GBP,944,5
194位,,ビショップ,たぬ天使,944,1
195位,,追放天使,ⅹかせきⅹ,944,0
196位,,追放天使,ｼｮｰﾝ･ﾜｲﾘｰ,943,5
197位,,追放天使,syrup160g,943,5
198位,,ビショップ,楓珠,943,5
199位,,ビショップ,M，Carlisle,943,5
200位,,ビショップ,LadyBishop,943,2
201位,,追放天使,けいぼー,942,5
202位,,ビショップ,＝ﾌﾌﾌ＝,942,5
203位,,ビショップ,SOBORON,942,5
204位,,ビショップ,糸色文寸令頁土或,942,4
205位,,追放天使,ｶﾞｯﾃﾞﾑ太郎,942,3
206位,,追放天使,ＴＥＮＫＡＩ,941,5
207位,,追放天使,夢凛,941,5
208位,,追放天使,ジョン・コナ－,941,5
209位,,ビショップ,ｸﾜｯ(ﾟДﾟ)ｸﾜｯ,941,5
210位,,ビショップ,☆剛拳☆,941,5
211位,,ビショップ,オマットサン,941,5
212位,,追放天使,沈思黙考,940,5
213位,,追放天使,87話禁書,940,5
214位,,追放天使,††メゾゴン††,940,5
215位,,ビショップ,荒野の用心棒,940,5
216位,,ビショップ,OhLonesomeMe,940,5
217位,,ビショップ,グリーク教急進派,940,5
218位,,追放天使,アロエリーナ,940,4
219位,,追放天使,白色ワセリン,940,1
220位,,追放天使,神父ラッセル,939,5
221位,,追放天使,天使のどる☆,939,5
222位,,追放天使,Ξ☆ｲﾙﾐﾅﾃｨ☆Ξ,939,5
223位,,ビショップ,Tour_Sharan_TDI,939,5
224位,,追放天使,☆へぼ純一☆,939,4
225位,,ビショップ,たぬBIS,939,0
226位,,追放天使,♪RINSU♪,938,5
227位,,ビショップ,やーま,938,5
228位,,ビショップ,最低な男,938,5
229位,,ビショップ,鉄棍,938,5
230位,,ビショップ,もんきぃ～,938,5
231位,,追放天使,ダイエット中の桃,938,3
232位,,追放天使,バールトン,937,5
233位,,ビショップ,太陽の聖職者,937,5
234位,,ビショップ,GijeZaral,937,5
235位,,ビショップ,さうっぺ,937,5
236位,,ビショップ,UWA2,937,5
237位,,追放天使,おちょこちょい,937,4
238位,,ビショップ,ONちゃんF,937,4
239位,,追放天使,fug☆,936,5
240位,,追放天使,logan13,936,5
241位,,追放天使,まづぁ,936,5
242位,,ビショップ,types,936,5
243位,,ビショップ,ゼオライマー,936,5
244位,,ビショップ,ｺﾞｰﾙﾄﾞﾗｲﾀﾝ,936,5
245位,,ビショップ,ＢＩＳケット,936,5
246位,,ビショップ,Cloudpost,936,5
247位,,ビショップ,northndancer,936,5
248位,,ビショップ,若嶋津,936,5
249位,,ビショップ,テカシ６９,936,5
250位,,ビショップ,たぬBISⅡ,936,0
251位,,ビショップ,パル～☆,936,0
252位,,追放天使,燐遥,935,5
253位,,追放天使,yoko321,935,5
254位,,追放天使,オマット,935,5
255位,,ビショップ,ｕｌｔｉｍａｒｕ,935,5
256位,,追放天使,アクレイア,934,5
257位,,追放天使,あきばみどり亀,934,5
258位,,追放天使,Henrik_Englund,934,5
259位,,ビショップ,ZI－KU,934,5
260位,,ビショップ,Spopovich,934,5
261位,,ビショップ,イエローデビル,934,5
262位,,ビショップ,ちもるの壁,934,5
263位,,ビショップ,たぬBISⅢ,934,0
264位,,追放天使,ユキ天,933,5
265位,,追放天使,red_TAXI,933,5
266位,,ビショップ,エリクル,933,5
267位,,ビショップ,にゃんだ,933,5
268位,,ビショップ,ウワウワの希望,933,5
269位,,ビショップ,狂信の偶像,933,5
270位,,ビショップ,開運天,933,4
271位,,追放天使,あが～いⅡ,932,5
272位,,ビショップ,金鯖やる男,932,5
273位,,ビショップ,Qcue,932,5
274位,,ビショップ,のんべえⅡ世,932,5
275位,,ビショップ,楸瑛,932,5
276位,,ビショップ,勇とん,932,3
277位,,ビショップ,山ごろう,932,0
278位,,追放天使,灰慧,931,5
279位,,追放天使,†景虎†2nd,931,5
280位,,追放天使,MGCC＆Bis,931,5
281位,,追放天使,SnowPeak,931,5
282位,,追放天使,☆網走刑務所☆,931,5
283位,,ビショップ,チャンナラ,931,5
284位,,ビショップ,お茶たそ。,931,5
285位,,ビショップ,雇われ探偵,931,5
286位,,ビショップ,starzero,931,5
287位,,ビショップ,dａnｚoｕ,931,5
288位,,ビショップ,ﾀﾞﾝｿﾝ,931,5
289位,,ビショップ,GoldWing1100,931,5
290位,,ビショップ,讃美歌,931,5
291位,,ビショップ,人にやさしく♪,931,5
292位,,ビショップ,仏滅♂,931,5
293位,,追放天使,HyperTaxi,931,0
294位,,ビショップ,カルラーナs,931,0
295位,,追放天使,哲人30号,930,5
296位,,追放天使,Black_berry,930,5
297位,,追放天使,J・Y,930,5
298位,,追放天使,彷徨旅人,930,5
299位,,追放天使,剥けたバナナ,930,5
300位,,追放天使,＠アキ＠,930,5
301位,,追放天使,bonzoo,930,5
302位,,ビショップ,ﾏﾅﾅｰﾝ・ﾏｸﾘｰﾙⅢ,930,5
303位,,ビショップ,ﾊﾞｯｸｻｲﾄﾞﾉｰﾘｰ360,930,5
304位,,追放天使,おとや,930,3
305位,,追放天使,狸VSゴリラ,930,2
306位,,追放天使,〆CALL〆,929,5
307位,,追放天使,筋肢類,929,5
308位,,追放天使,破戒,929,5
309位,,ビショップ,pleo_5mt,929,5
310位,,ビショップ,わたしはてんし,929,5
311位,,ビショップ,Angel_Of_Death†,929,5
312位,,ビショップ,SerJoca,929,5
313位,,ビショップ,セルダラ,929,5
314位,,ビショップ,￡ＢＲＡＶＥ￡,929,5
315位,,ビショップ,【神聖】,929,5
316位,,ビショップ,びしょっぷ。,929,5
317位,,ビショップ,puri☆BIS,929,5
318位,,追放天使,CoBo☆bshop,928,5
319位,,追放天使,デトナ・オデッソ,928,5
320位,,追放天使,ﾎﾟﾃﾁ☆,928,5
321位,,追放天使,皆鷹,928,5
322位,,追放天使,レイアクリスト,928,5
323位,,ビショップ,†回復支援†,928,5
324位,,ビショップ,ラウール・ヴァレ,928,5
325位,,ビショップ,アメーリカ,928,5
326位,,ビショップ,ロバートⅢ世,928,5
327位,,ビショップ,徐々に移動の貢献,928,5
328位,,ビショップ,ビバちゃん,928,5
329位,,ビショップ,クロ・ノエル,928,3
330位,,追放天使,hi_heal,927,5
331位,,追放天使,hybrid_bishop,927,5
332位,,追放天使,ぶかぶかＢ,927,5
333位,,追放天使,トンテキ,927,5
334位,,追放天使,コリーヌコレット,927,5
335位,,追放天使,％Siori－Call％,927,5
336位,,追放天使,ぷしゃ☆,927,5
337位,,追放天使,ёドナルドё,927,5
338位,,追放天使,tababis,927,5
339位,,ビショップ,☆びちゅ☆,927,5
340位,,ビショップ,命～みこと～,927,5
341位,,ビショップ,みりん揚げ,927,5
342位,,ビショップ,アザラシ§,927,5
343位,,ビショップ,首がたりない,927,5
344位,,ビショップ,キル・エスティー,927,5
345位,,ビショップ,ロビング,927,5
346位,,ビショップ,Alex･L･Armstrong,927,5
347位,,ビショップ,トップギアＢＩＳ,927,4
348位,,ビショップ,††天魔††,926,5
349位,,ビショップ,＝KHB＝,926,5
350位,,ビショップ,三十路ボンバイエ,926,5
351位,,ビショップ,リンDX,926,5
352位,,ビショップ,鬼舞辻無惨,926,5
353位,,ビショップ,くりすとふあー,926,5
354位,,ビショップ,☆円空,926,4
355位,,ビショップ,イゴール_Pro,926,4
356位,,ビショップ,ろくやか☆,926,3
357位,,追放天使,RemedyCore,926,0
358位,,追放天使,ジョセフ3世,926,0
359位,,追放天使,ЖエルЖⅢ,925,5
360位,,追放天使,AndromedaStars,925,5
361位,,追放天使,WhiteMetal,925,5
362位,,追放天使,danzou,925,5
363位,,追放天使,聖職者ポテト,925,5
364位,,ビショップ,アズアラス,925,5
365位,,ビショップ,四条,925,5
366位,,ビショップ,♯♯アキラ,925,5
367位,,ビショップ,ただの電子レンジ,925,5
368位,,ビショップ,おジャミ,925,5
369位,,ビショップ,ゆきのと,925,5
370位,,追放天使,千家万人,925,4
371位,,追放天使,行商人∞,925,4
372位,,追放天使,佐々木公平,925,0
373位,,追放天使,ポンバシ調査員,924,5
374位,,追放天使,SAKU82,924,5
375位,,追放天使,コロ宅おね,924,5
376位,,ビショップ,ψフィシュバーン,924,5
377位,,ビショップ,Dutch_3,924,5
378位,,ビショップ,☆ハリケーン♪☆,924,5
379位,,ビショップ,↑仁義↑,924,5
380位,,ビショップ,魔天童師,924,5
381位,,ビショップ,☆ｱｰﾁ☆,924,5
382位,,ビショップ,sachihiBIS,924,5
383位,,ビショップ,ローズゴールド,924,5
384位,,追放天使,二☆バン！,924,0
385位,,追放天使,▼Preacher▲,923,5
386位,,追放天使,パロ。,923,5
387位,,追放天使,魁音,923,5
388位,,追放天使,こんばんみ,923,5
389位,,追放天使,SUUUN,923,5
390位,,追放天使,むどおぬ,923,5
391位,,追放天使,かめさん♪,923,5
392位,,追放天使,ナウイ肉体,923,5
393位,,ビショップ,スサノヲβ,923,5
394位,,ビショップ,アルボン,923,5
395位,,ビショップ,††回復さん††,923,5
396位,,ビショップ,OrgaΩ,923,5
397位,,ビショップ,☆燃燈☆,923,5
398位,,ビショップ,ﾁﾘﾁﾘ脇山の子分ｗ,923,5
399位,,ビショップ,波動和尚,923,5
400位,,ビショップ,GD専,923,5
401位,,ビショップ,†とふとふ†,923,5
402位,,ビショップ,巌竜,923,5
403位,,ビショップ,撲殺さま,923,5
404位,,ビショップ,SilverPanthera,923,5
405位,,追放天使,ゆきち☆,923,4
406位,,ビショップ,Cepheus,923,3
407位,,ビショップ,†てんてんくん†,923,3
408位,,ビショップ,tomowa,923,3
409位,,ビショップ,真真ビジョップ,923,1
410位,,ビショップ,レスキューＡ,923,1
411位,,ビショップ,ELV案内係,923,0
412位,,追放天使,Rocksident,922,5
413位,,追放天使,ﾗﾀﾞﾄｰﾑ,922,5
414位,,追放天使,Crook†,922,5
415位,,追放天使,ライ・３・,922,5
416位,,追放天使,泥酔殿,922,5
417位,,ビショップ,ねぎぼうず☆,922,5
418位,,ビショップ,抱腹Z,922,5
419位,,ビショップ,Wayland,922,5
420位,,ビショップ,かおちゃマン☆,922,5
421位,,追放天使,羽熊,922,4
422位,,追放天使,シバ・ガーランド,922,4
423位,,追放天使,†_絶空守_†,922,4
424位,,ビショップ,第１９の使徒,922,4
425位,,ビショップ,花よりだんご,922,4
426位,,ビショップ,♪うりぼん,922,4
427位,,ビショップ,WASALIN,922,4
428位,,ビショップ,ヴァリウム,922,4
429位,,追放天使,ガチャ爆死芸人,922,3
430位,,ビショップ,ラルゴⅨ,922,1
431位,,ビショップ,アームズフォート,922,1
432位,,ビショップ,コーラーＧ,922,1
433位,,追放天使,パリストン・ヒル,922,0
434位,,ビショップ,inflection,922,0
435位,,追放天使,パロール,921,5
436位,,追放天使,新生快楽天使ｱﾗｴﾙ,921,5
437位,,追放天使,茶亜利李,921,5
438位,,追放天使,セイドン,921,5
439位,,追放天使,マメ帝,921,5
440位,,ビショップ,Herbert,921,5
441位,,ビショップ,ロンガン,921,5
442位,,ビショップ,雲の彼方へ,921,5
443位,,ビショップ,ケロリンのBIS,921,5
444位,,ビショップ,RustBelt,921,5
445位,,ビショップ,日焼けサロン天使,921,5
446位,,ビショップ,Barbatos_Lupus,921,5
447位,,ビショップ,暗黒のガッツ,921,5
448位,,ビショップ,pamplemousse,921,5
449位,,ビショップ,眉毛無いですよ？,921,5
450位,,追放天使,§七宝§,921,4
451位,,追放天使,†天蓮†,921,3
452位,,ビショップ,セネカ☆,921,3
453位,,ビショップ,§雪風改§,921,3
454位,,ビショップ,コッ㌧１００％,921,3
455位,,ビショップ,金鯖２,921,2
456位,,ビショップ,こる五郎,921,1
457位,,追放天使,ｂｅｒｙ,920,5
458位,,追放天使,Kwon_BoA_01,920,5
459位,,追放天使,デプレッショナー,920,5
460位,,追放天使,カノイール,920,5
461位,,追放天使,恋細女,920,5
462位,,ビショップ,Vandenberg☆,920,5
463位,,ビショップ,Gerstner☆,920,5
464位,,ビショップ,Buckland☆,920,5
465位,,ビショップ,Mジャングルさん,920,5
466位,,ビショップ,竈門炭次郎,920,5
467位,,ビショップ,Liver_Migration,920,5
468位,,ビショップ,ｲｪﾗｲｼｬ,920,5
469位,,ビショップ,青珠＾＾,920,5
470位,,ビショップ,kozmic_l,920,5
471位,,ビショップ,寛太郎,920,5
472位,,ビショップ,柳生の叔父,920,5
473位,,ビショップ,ＭＩＨＡＲＡ,920,3
474位,,追放天使,Bis⑫,920,2
475位,,ビショップ,生草坊主,920,1
476位,,追放天使,また神の話してる,920,0
477位,,ビショップ,不動心ﾐﾉﾙ,920,0
478位,,ビショップ,Fairy_Luna,920,0
479位,,追放天使,引田天使,919,5
480位,,追放天使,_レオン_,919,5
481位,,追放天使,トロロ♪,919,5
482位,,追放天使,クー太郎,919,5
483位,,ビショップ,桜雲石,919,5
484位,,ビショップ,Brownstein☆,919,5
485位,,ビショップ,Verlaine☆,919,5
486位,,ビショップ,GOLD’ｓGYM,919,5
487位,,ビショップ,ミズイロカーテン,919,5
488位,,ビショップ,－O・BO・RO－,919,5
489位,,ビショップ,zzetta,919,5
490位,,ビショップ,安国寺恵瓊,919,5
491位,,ビショップ,ｲｰｳﾞィｽ,919,5
492位,,ビショップ,もずく【味噌汁】,919,5
493位,,追放天使,＃おすぎ＃,919,4
494位,,ビショップ,kolokolo7,919,4
495位,,追放天使,†シリンガー,919,3
496位,,追放天使,マルドラドＤ,919,1
497位,,追放天使,二代目薬師,918,5
498位,,追放天使,グラネード,918,5
499位,,追放天使,§カキピー§,918,5
500位,,追放天使,Ａｌｂｉｓ,918,5
501位,,ビショップ,Graham☆,918,5
502位,,ビショップ,我が心のGEORGIA,918,5
503位,,ビショップ,トワナイ猫みぃ,918,5
504位,,ビショップ,インテリマッチョ,918,5
505位,,ビショップ,グレートタイタン,918,5
506位,,ビショップ,BackStreetⅡ,918,5
507位,,追放天使,ΞSeinΞ,918,4
508位,,ビショップ,§翔§,918,4
509位,,ビショップ,ぽわわ,918,4
510位,,ビショップ,リシルの使い魔,918,4
511位,,追放天使,銀行クエ6用伽羅,918,1
512位,,ビショップ,カルラーナ,918,0
513位,,追放天使,White_Metal,917,5
514位,,追放天使,∬カキピー∬,917,5
515位,,追放天使,補給部隊,917,5
516位,,追放天使,青雉,917,5
517位,,追放天使,ﾐｭｰｽﾞ・B・ﾚｲﾊﾞｯｸ,917,5
518位,,追放天使,風谷,917,5
519位,,追放天使,越後屋悪ヱ門,917,5
520位,,ビショップ,AKMGBIS,917,5
521位,,ビショップ,ジウⅢ,917,5
522位,,ビショップ,ヘカちゃん,917,5
523位,,ビショップ,リラックス,917,5
524位,,ビショップ,チャコです,917,5
525位,,ビショップ,ししゃもマヨ,917,5
526位,,ビショップ,†ｔ琉球魂†,917,5
527位,,ビショップ,DEN3,917,5
528位,,ビショップ,фDJライムⅦ世ф,917,3
529位,,追放天使,狂牙,917,2
530位,,ビショップ,笑ビショップ,917,2
531位,,ビショップ,イカビス,917,1
532位,,追放天使,ネオヤッターマン,917,0
533位,,追放天使,こる天使0011,917,0
534位,,追放天使,奥羽ﾉ不動明王BEN,917,0
535位,,ビショップ,カカルラーナ,917,0
536位,,追放天使,Abflug,916,5
537位,,追放天使,其の三,916,5
538位,,追放天使,居飛車急戦,916,5
539位,,追放天使,おはよお☆,916,5
540位,,追放天使,孤独なのですYO,916,5
541位,,追放天使,単純ＢＩＳｹｯﾄ,916,5
542位,,ビショップ,にゃろみ,916,5
543位,,ビショップ,玄人＜プロ＞,916,5
544位,,ビショップ,チキンパイ,916,5
545位,,ビショップ,トキワン,916,5
546位,,ビショップ,∬ピクミン∬,916,5
547位,,ビショップ,愛飢雄,916,4
548位,,ビショップ,愛憶えてますか,916,4
549位,,ビショップ,どなとまて,916,3
550位,,ビショップ,白伯,916,3
551位,,ビショップ,Grantony,916,3
552位,,ビショップ,左衛門三郎宗衛門,916,3
553位,,ビショップ,P_E_K_K_A,916,2
554位,,ビショップ,sirotarouu,916,2
555位,,ビショップ,鈍器ホーテ,916,2
556位,,ビショップ,じぇべる,916,1
557位,,追放天使,ビス０１,916,0
558位,,追放天使,callme,916,0
559位,,ビショップ,カルラナン,916,0
560位,,ビショップ,カルララナ,916,0
561位,,追放天使,ヘカトン,915,5
562位,,追放天使,矛盾な天使,915,5
563位,,追放天使,※薬師※,915,5
564位,,追放天使,☆uei,915,5
565位,,追放天使,斎藤くん,915,5
566位,,追放天使,じゃむ天,915,5
567位,,追放天使,EgisAce,915,5
568位,,追放天使,嵐王,915,5
569位,,追放天使,レウス,915,5
570位,,ビショップ,ウラヘカトン,915,5
571位,,ビショップ,∬ピークン∬,915,5
572位,,ビショップ,カーグレン,915,5
573位,,ビショップ,☆わんちゅ～る☆,915,5
574位,,ビショップ,かぷかぷα,915,5
575位,,ビショップ,医さん,915,5
576位,,ビショップ,とも蔵,915,5
577位,,ビショップ,紀子BIS,915,4
578位,,ビショップ,ありさ＠倉庫,915,4
579位,,追放天使,ばぃたる,915,3
580位,,ビショップ,ウィル☆,915,3
581位,,ビショップ,ワイルド☆,915,2
582位,,ビショップ,☆偽りの救世主☆,915,1
583位,,ビショップ,巻尺,915,1
584位,,追放天使,天・からす,914,5
585位,,追放天使,☆B－BLUE☆,914,5
586位,,追放天使,ﾋﾞｯｸﾘドラえもん,914,5
587位,,追放天使,尊い命を大切に,914,5
588位,,追放天使,☆FiveStars☆,914,5
589位,,ビショップ,BisBishop,914,5
590位,,ビショップ,マルマイン,914,5
591位,,ビショップ,MrProspector,914,5
592位,,ビショップ,ヒロシ４,914,5
593位,,ビショップ,ﾐｿﾗｰﾒﾝ,914,5
594位,,ビショップ,meviusω,914,5
595位,,ビショップ,マミクイーン,914,5
596位,,ビショップ,眉銀ビショップ,914,5
597位,,追放天使,御心のままに,914,4
598位,,追放天使,アゲ殴打,914,4
599位,,追放天使,Sugarnish,914,4
600位,,追放天使,アンスロン,914,4
601位,,ビショップ,micya－天,914,3
602位,,追放天使,ジブラルタル☆,914,2
603位,,ビショップ,Bis⑬,914,2
604位,,追放天使,貧血まっちょまん,914,1
605位,,追放天使,ぽｲﾝｺ,913,5
606位,,追放天使,鮪一丁,913,5
607位,,追放天使,（＾・ω・）,913,5
608位,,追放天使,キプレス9錠,913,5
609位,,ビショップ,☆サマ・ソニ☆,913,5
610位,,ビショップ,つむら,913,5
611位,,ビショップ,P須銘菓,913,5
612位,,ビショップ,BLock銘菓,913,5
613位,,ビショップ,丸太は持ったな,913,5
614位,,ビショップ,uruoi,913,5
615位,,ビショップ,狂気のプリン,913,5
616位,,ビショップ,♪シリカ,913,5
617位,,ビショップ,ウィラー提督,913,5
618位,,ビショップ,Gilet,913,5
619位,,追放天使,エヴェック,913,4
620位,,追放天使,何処までも,913,4
621位,,ビショップ,魔物打,913,4
622位,,ビショップ,バルキリー雀,913,4
623位,,追放天使,Coo13,913,2
624位,,ビショップ,CARBONS,913,2
625位,,ビショップ,ﾏﾅﾅ-ﾝ・ﾏｸﾘｰﾙⅢ,913,2
626位,,ビショップ,_blue_fox_,913,2
627位,,ビショップ,厄除,913,1
628位,,追放天使,Bショップ03,913,0
629位,,追放天使,ＤＴＭ,912,5
630位,,追放天使,†サラ猫†,912,5
631位,,追放天使,大天使・波～瑠,912,5
632位,,追放天使,Ｓ黒神Ｓ,912,5
633位,,追放天使,110式炎陽,912,5
634位,,追放天使,ハゲルトン,912,5
635位,,追放天使,ⅩアルマロスⅩ,912,5
636位,,ビショップ,ルシファーΩ,912,5
637位,,ビショップ,ド・ド・鈍足,912,5
638位,,ビショップ,CooeN,912,5
639位,,ビショップ,三行半,912,5
640位,,ビショップ,‡白銀のミネルバ,912,5
641位,,追放天使,スタルフ,912,4
642位,,追放天使,MosaBull,912,4
643位,,ビショップ,†赤蓮†,912,1
644位,,ビショップ,カルラーナ３,912,0
645位,,追放天使,Gホイホイ,911,5
646位,,追放天使,Alcoholics,911,5
647位,,追放天使,まるだびしょっぷ,911,5
648位,,追放天使,高橋ルイージ,911,5
649位,,追放天使,城ＴＡＸＩちん,911,5
650位,,追放天使,悠堕,911,5
651位,,追放天使,懸垂,911,5
652位,,追放天使,４４４４４,911,5
653位,,追放天使,ホムン,911,5
654位,,追放天使,日本年金機構α,911,5
655位,,追放天使,。まる。,911,5
656位,,追放天使,ゴシュマ,911,5
657位,,追放天使,【ウィ珍】,911,5
658位,,追放天使,百年の眠り男爵,911,5
659位,,ビショップ,キュウピット,911,5
660位,,ビショップ,９６－ＪＩＮＢＥ,911,5
661位,,ビショップ,発酵レモンサワー,911,5
662位,,ビショップ,腐士山,911,5
663位,,ビショップ,駄銘菓da’Maker,911,5
664位,,ビショップ,紅音ほたる,911,5
665位,,ビショップ,ｷｬﾊﾞｸﾞﾘｰﾝ,911,5
666位,,ビショップ,ギアナbis,911,5
667位,,ビショップ,マリンフォード,911,5
668位,,ビショップ,迷子センター,911,5
669位,,ビショップ,鬼眼王の无,911,5
670位,,ビショップ,虹色ﾋﾞｼｮ,911,5
671位,,ビショップ,ロキソニンＳ,911,5
672位,,ビショップ,ビスマルク！,911,4
673位,,ビショップ,恩湯やお,911,4
674位,,追放天使,ピクティス,911,3
675位,,ビショップ,ワルクェイド,911,3
676位,,ビショップ,CV：杉田智和,911,2
677位,,ビショップ,koko004,911,1
678位,,追放天使,ﾐﾚｰﾇ･ｱﾚ・ｻﾝﾀﾞｰ,911,0
679位,,ビショップ,カルラーナぬ,911,0
680位,,追放天使,名も無き王子様,910,5
681位,,追放天使,すんいん兄貴,910,5
682位,,追放天使,鬼に棍棒DX,910,5
683位,,追放天使,Sssst,910,5
684位,,追放天使,マルール,910,5
685位,,追放天使,ぽこなっつ,910,5
686位,,追放天使,ビルテイク,910,5
687位,,追放天使,死の外科医・ロー,910,5
688位,,追放天使,ロぺ,910,5
689位,,追放天使,龍賢明雷神,910,5
690位,,追放天使,ジョージタウン,910,5
691位,,追放天使,π弥勒菩薩π,910,5
692位,,ビショップ,☆氷月,910,5
693位,,ビショップ,＠シドニ＠,910,5
694位,,ビショップ,ⅹエンジェルⅠⅹ,910,5
695位,,ビショップ,ヒロシ1,910,5
696位,,ビショップ,☆レオポルド☆,910,5
697位,,ビショップ,高天原温泉,910,5
698位,,ビショップ,エバンズ,910,5
699位,,ビショップ,わんだ2020,910,4
700位,,ビショップ,紺緋蝶,910,4
701位,,ビショップ,教皇ソロス,910,3
702位,,ビショップ,ＲＩＮ♪,910,3
703位,,ビショップ,蓬儡,910,3
704位,,ビショップ,凪柊,910,2
705位,,ビショップ,EJ25,910,1
706位,,ビショップ,上杉景虎,910,0
707位,,追放天使,腰振り天使,909,5
708位,,追放天使,§カキピー２§,909,5
709位,,追放天使,黒乃子,909,5
710位,,追放天使,しっぽのしっぽ,909,5
711位,,追放天使,ドクロちゃんの孫,909,5
712位,,追放天使,■ポチ,909,5
713位,,ビショップ,ｺｰﾘﾝｸﾞｹﾞｰﾄ,909,5
714位,,ビショップ,地に月影,909,5
715位,,ビショップ,哨戒班,909,5
716位,,ビショップ,kenta002,909,5
717位,,ビショップ,ペイン餓鬼道,909,5
718位,,ビショップ,・・桃次郎・・,909,5
719位,,ビショップ,あおい交通,909,5
720位,,ビショップ,ぴと助,909,5
721位,,追放天使,茄子天,909,4
722位,,追放天使,浜崎家の倉庫,909,4
723位,,追放天使,黒い船,909,3
724位,,ビショップ,†守護天使†,909,3
725位,,ビショップ,ちゅ〜るたん,909,2
726位,,ビショップ,のんべえ,909,2
727位,,追放天使,ビス05,909,0
728位,,追放天使,びっす船,909,0
729位,,ビショップ,☆つっこY,909,0
730位,,ビショップ,脳筋聖職者,909,0
731位,,ビショップ,聖ペトロ,909,0
732位,,追放天使,嬉しいひなまつり,908,5
733位,,追放天使,BarretWallace,908,5
734位,,追放天使,ﾊﾀﾞﾙ,908,5
735位,,追放天使,＋打天使＋,908,5
736位,,追放天使,歓喜の叫び,908,5
737位,,追放天使,神の愛弟子,908,5
738位,,追放天使,ステレオカセット,908,5
739位,,追放天使,アルカンタラ,908,5
740位,,追放天使,momo☆cool,908,5
741位,,追放天使,marutan,908,5
742位,,追放天使,朏のパラメシア,908,5
743位,,ビショップ,フラビァ,908,5
744位,,ビショップ,§カキピー１§,908,5
745位,,ビショップ,奈落山峡,908,5
746位,,ビショップ,走るお父さん,908,5
747位,,ビショップ,引導者,908,5
748位,,ビショップ,supa,908,5
749位,,ビショップ,lonelyprayer,908,5
750位,,ビショップ,lonelydefender,908,5
751位,,ビショップ,王平子均,908,5
752位,,追放天使,†サンラク†,908,4
753位,,追放天使,座男陸くん,908,4
754位,,追放天使,ﾌｪｱﾘｰﾃｰﾙ,908,4
755位,,ビショップ,Ｚ（ジード）,908,4
756位,,ビショップ,でっかい三毛猫,908,4
757位,,追放天使,コル天_ソロス_0,908,3
758位,,追放天使,Paskur,908,3
759位,,ビショップ,ACAね,908,3
760位,,ビショップ,まむちゃん,908,3
761位,,ビショップ,コルマンDx,908,3
762位,,ビショップ,のり聖さん,908,2
763位,,追放天使,MightyThor,908,0
764位,,追放天使,アナベル・カトー,908,0
765位,,追放天使,ｳｼｬｽ,908,0
766位,,ビショップ,真行司麗子,908,0
767位,,ビショップ,カルラーナSt3,908,0
768位,,ビショップ,メルミリス,908,0
769位,,ビショップ,Ж禅将Ж,908,0
770位,,ビショップ,Ψ一休和尚Ψ,908,0
771位,,追放天使,黒綴,907,5
772位,,追放天使,ﾘｱﾙﾗｯｸ極店員N,907,5
773位,,追放天使,ビビィーGDX,907,5
774位,,追放天使,綾鷹彦,907,5
775位,,追放天使,レギオンα,907,5
776位,,追放天使,ダイジェスト,907,5
777位,,追放天使,タムレン,907,5
778位,,追放天使,ぱ〜邪魔ン,907,5
779位,,ビショップ,founder,907,5
780位,,ビショップ,バルンシャ,907,5
781位,,ビショップ,愛が勝つ,907,5
782位,,ビショップ,マッシュｘｘ,907,5
783位,,ビショップ,☆ビス,907,5
784位,,ビショップ,ファイト君,907,5
785位,,ビショップ,tenchan30,907,5
786位,,ビショップ,ж鈍足ж,907,5
787位,,ビショップ,SJR4,907,5
788位,,ビショップ,魔王の悪意,907,5
789位,,ビショップ,69sonG,907,5
790位,,追放天使,invest,907,4
791位,,ビショップ,関徳倫,907,4
792位,,ビショップ,ekoだ,907,4
793位,,追放天使,朧・,907,3
794位,,追放天使,ばっこり,907,3
795位,,ビショップ,フォル・カーラ,907,2
796位,,ビショップ,Myrrh,907,2
797位,,追放天使,ごみかす,907,1
798位,,ビショップ,オイスダール,907,0
799位,,ビショップ,無謀に全ツ,907,0
800位,,ビショップ,退魔師,907,0
801位,,ビショップ,☆ぱふぱふ,907,0
802位,,追放天使,ニューエイ,906,5
803位,,追放天使,四次元大介,906,5
804位,,追放天使,BISのﾄﾗさん,906,5
805位,,追放天使,キーネスト,906,5
806位,,追放天使,akagezaru,906,5
807位,,追放天使,ﾘｻﾞｰﾌﾞＦＸ,906,5
808位,,ビショップ,すてーぼーい,906,5
809位,,ビショップ,ミルシル,906,5
810位,,ビショップ,琥玲覇,906,5
811位,,ビショップ,カキピー１,906,5
812位,,ビショップ,もっと痛みをくれ,906,5
813位,,ビショップ,曇天に祈る,906,5
814位,,ビショップ,オーエド,906,5
815位,,ビショップ,木の葉②,906,5
816位,,ビショップ,タナトス♪,906,5
817位,,ビショップ,zyerivbis,906,5
818位,,ビショップ,雲忠,906,5
819位,,ビショップ,ケルト・グラント,906,5
820位,,追放天使,eneos00,906,4
821位,,ビショップ,NEXⅡ,906,4
822位,,ビショップ,§景義§,906,4
823位,,追放天使,mog♂,906,3
824位,,追放天使,MotherVanguard,906,3
825位,,ビショップ,・風早翔太・,906,3
826位,,ビショップ,時空ノ歪ミ,906,3
827位,,追放天使,ﾀﾞｰｸ・ﾉﾋﾞﾂｷｰ,906,2
828位,,追放天使,ﾙｰﾙﾙﾙw,906,1
829位,,追放天使,３尾,906,1
830位,,追放天使,鈴木家の倉庫,906,1
831位,,ビショップ,ほらふきクパード,906,1
832位,,ビショップ,我が聖域に開け扉,906,1
833位,,追放天使,alife8114,906,0
834位,,追放天使,マルシェトロワ,906,0
835位,,追放天使,ペペルモコJr,906,0
836位,,ビショップ,琉天,906,0
837位,,ビショップ,アイスヨーグルト,906,0
838位,,ビショップ,†＋とうや＋†,906,0
839位,,ビショップ,◇ミカエル◇,906,0
840位,,追放天使,ｷｬﾝｻｰｴｱｳｪｲｽﾞ75便,905,5
841位,,追放天使,レザーリングDX,905,5
842位,,追放天使,【We珍】,905,5
843位,,追放天使,§ピークン5,905,5
844位,,追放天使,ｵｰﾙﾄﾞﾌｧｯｼｮﾝﾄﾞ♪,905,5
845位,,追放天使,ｷｬﾊﾞﾌﾞﾗｯｸ,905,5
846位,,追放天使,空条さん,905,5
847位,,ビショップ,Tsadkiel,905,5
848位,,ビショップ,旅の宿,905,5
849位,,ビショップ,☆コール君,905,5
850位,,ビショップ,Maple_Summer,905,5
851位,,ビショップ,§ピーくん3§,905,5
852位,,ビショップ,諷霞,905,5
853位,,ビショップ,知識【極】,905,5
854位,,ビショップ,犬さんですよ,905,5
855位,,ビショップ,ステゴル,905,5
856位,,ビショップ,☆ミえーちゃ☆ミ,905,5
857位,,ビショップ,あとらす！,905,5
858位,,ビショップ,にきう,905,5
859位,,ビショップ,まーくんのうさぎ,905,5
860位,,ビショップ,こねこはんたー,905,5
861位,,追放天使,祈りのガンダルフ,905,4
862位,,追放天使,おにぎしＧＤＸ,905,4
863位,,ビショップ,夢夢天使,905,4
864位,,ビショップ,ＢＩＳ天ちゃん,905,4
865位,,ビショップ,そりとふくろ,905,4
866位,,ビショップ,Ｋ四郎ｘｘ,905,4
867位,,ビショップ,住之江競艇場,905,4
868位,,ビショップ,園原,905,4
869位,,ビショップ,邦裕,905,4
870位,,ビショップ,ﾊﾙｸ・Jr,905,4
871位,,追放天使,デビルマン極,905,3
872位,,追放天使,ﾊﾙｸﾊﾞｽﾀｰ,905,3
873位,,ビショップ,カイル☆☆,905,3
874位,,ビショップ,だるまちゃん,905,3
875位,,追放天使,キショップ,905,2
876位,,ビショップ,大教皇ヘトヘト,905,2
877位,,追放天使,11の奇跡,905,1
878位,,ビショップ,ゲスくま,905,1
879位,,追放天使,モ－タ－ブ－ム,905,0
880位,,追放天使,Ｃooky,905,0
881位,,追放天使,佐々木家の倉庫,905,0
882位,,ビショップ,ジャースタ,905,0
883位,,ビショップ,ガブ5,905,0
884位,,ビショップ,癒屋,905,0
885位,,ビショップ,九戸三太夫,905,0
886位,,ビショップ,†堕天の守護者†,905,0
887位,,追放天使,～断罪者～,904,5
888位,,追放天使,CosmicPower,904,5
889位,,追放天使,§カキピー７,904,5
890位,,追放天使,抹茶フロート,904,5
891位,,追放天使,ねれやん,904,5
892位,,追放天使,ＴＹＬＥＲ,904,5
893位,,ビショップ,CoffeeShop,904,5
894位,,ビショップ,殴ってええん！？,904,5
895位,,ビショップ,ゴウカイ,904,5
896位,,ビショップ,Silvery,904,5
897位,,ビショップ,◎LEONIDAS◎,904,5
898位,,ビショップ,打爾獲瑠,904,5
899位,,ビショップ,〝无,904,5
900位,,ビショップ,みかんハート,904,5
901位,,ビショップ,Ψ達磨大師Ψ,904,5
902位,,追放天使,コリングタッチ,904,4
903位,,追放天使,私にも殴らせろ！,904,4
904位,,追放天使,ｱﾝｼﾞ,904,4
905位,,追放天使,￡秋￡,904,4
906位,,追放天使,「EITO」7,904,4
907位,,ビショップ,ばにこ,904,4
908位,,ビショップ,宇髄天元,904,4
909位,,ビショップ,ぷぷさま,904,4
910位,,ビショップ,ｻｲﾎﾞｰｸﾞ・ﾌﾗﾝｷｰ,904,4
911位,,ビショップ,ぷぷちゃん,904,3
912位,,ビショップ,熾天使ﾙﾅﾘｵﾝ,904,3
913位,,ビショップ,えこだ００３,904,3
914位,,ビショップ,＠えこだ＾＾,904,3
915位,,ビショップ,tappruritanaka,904,2
916位,,追放天使,フィロー,904,1
917位,,ビショップ,そらじろう,904,1
918位,,ビショップ,カル蔵,904,0
919位,,追放天使,Fインディア,903,5
920位,,追放天使,穏和あずき,903,5
921位,,追放天使,キュー_Kyu_,903,5
922位,,追放天使,ざーぎゃー,903,5
923位,,追放天使,〓天〓,903,5
924位,,追放天使,のりじん,903,5
925位,,追放天使,パクチーサラダ,903,5
926位,,追放天使,ﾀﾙﾎﾞ,903,5
927位,,追放天使,ｱﾎﾟｶﾘﾌﾟｽ･ﾒｻｲｱ,903,5
928位,,追放天使,リヴァイア,903,5
929位,,追放天使,（・）二（・）,903,5
930位,,ビショップ,house_of_globe,903,5
931位,,ビショップ,マルシェロ,903,5
932位,,ビショップ,殴られたい,903,5
933位,,ビショップ,セリオール,903,5
934位,,ビショップ,五分五分,903,5
935位,,ビショップ,醍典師,903,5
936位,,ビショップ,しょうきんおう,903,5
937位,,ビショップ,ムキろん,903,5
938位,,ビショップ,わこすけ♪,903,5
939位,,ビショップ,マッスルろんヶ谷,903,5
940位,,ビショップ,Chartresu,903,5
941位,,ビショップ,殴りBIS～見習～,903,5
942位,,ビショップ,コルください,903,5
943位,,追放天使,ROMガーディアン,903,4
944位,,追放天使,フェリウィング,903,4
945位,,ビショップ,となりのトロロ,903,4
946位,,ビショップ,ryoxryo,903,4
947位,,ビショップ,カンダタのこぶん,903,4
948位,,ビショップ,シガー,903,4
949位,,ビショップ,＊龍＊,903,4
950位,,ビショップ,陸ぼうず,903,4
951位,,追放天使,司令塔ジダン,903,3
952位,,追放天使,BIS＾～＾,903,3
953位,,追放天使,St_Simon,903,3
954位,,追放天使,さーわＢＩＳ,903,3
955位,,追放天使,舐達麻,903,3
956位,,ビショップ,BISさんζ,903,3
957位,,ビショップ,ﾒﾝﾀﾑ,903,3
958位,,ビショップ,Eclipse_Bishop,903,2
959位,,ビショップ,白陽,903,2
960位,,ビショップ,てんちむ→,903,1
961位,,ビショップ,ブランマンジェ,903,1
962位,,ビショップ,くいきんさば,903,0
963位,,ビショップ,虹鮭迦羅,903,0
964位,,ビショップ,紺青蝶,903,0
965位,,追放天使,ウイリアムズ,902,5
966位,,追放天使,暴走超特急,902,5
967位,,追放天使,グーグードールズ,902,5
968位,,追放天使,ザッハの聖職者,902,5
969位,,追放天使,トルテの聖職者,902,5
970位,,追放天使,微塵の光,902,5
971位,,追放天使,閉塞成冬,902,5
972位,,追放天使,ビル・テイク,902,5
973位,,追放天使,TheLight,902,5
974位,,追放天使,ワンインオール,902,5
975位,,追放天使,まめ蓄ﾟﾟ,902,5
976位,,追放天使,天使NX,902,5
977位,,追放天使,そよ姫様の執事,902,5
978位,,ビショップ,真夏の方程式,902,5
979位,,ビショップ,うどんのねぎ,902,5
980位,,ビショップ,ﾌｪﾘｴｲﾙ,902,5
981位,,ビショップ,ｽｴﾋﾛﾁｬｰﾋﾝ,902,5
982位,,ビショップ,むっきむっきろい,902,5
983位,,ビショップ,ロポッサⅢ,902,5
984位,,ビショップ,「代表」寺島翔,902,5
985位,,ビショップ,うまい棒お袋の味,902,5
986位,,ビショップ,reirushi,902,5
987位,,ビショップ,ゆがぷおん,902,5
988位,,ビショップ,Ｓ～ＭＡＸ,902,5
989位,,ビショップ,海軍統合司令官,902,5
990位,,追放天使,葦名弦一郎,902,4
991位,,追放天使,BODYCOMBAT,902,4
992位,,追放天使,千歳翠,902,4
993位,,ビショップ,殴りBIS（物理職,902,4
994位,,ビショップ,ルービ･エレック,902,4
995位,,ビショップ,たけみや,902,4
996位,,ビショップ,マッスルメモリー,902,4
997位,,ビショップ,Chronoseraph,902,4
998位,,ビショップ,ヨネル,902,4
999位,,ビショップ,コーリング八段,902,4
