1位,,ウィザード,syouitirou,1489,5
2位,,ウィザード,＄デビル＄,1435,5
3位,,ウィザード,グラフォード,1435,5
4位,,ウィザード,littleshine,1430,5
5位,,ウィザード,BrightFuture,1416,5
6位,,ウルフマン,元気もり男,1361,5
7位,,ウィザード,お嫁においでよ〆,1330,5
8位,,ウィザード,２２３２,1324,5
9位,,ウィザード,yoida,1312,5
10位,,ウルフマン,ﾄﾞﾗｯｸﾞｽﾄｱﾓﾘ♪,1297,5
11位,,ウィザード,赤エンピツ,1294,5
12位,,ウィザード,ナットウキナーゼ,1292,5
13位,,ウィザード,みそ味のゴリラ,1286,5
14位,,ウィザード,Peach∀,1281,5
15位,,ウルフマン,GAME,1278,5
16位,,ウィザード,なのぴよ,1264,5
17位,,ウィザード,アステロイド,1260,5
18位,,ウィザード,黒蝮のmasa,1257,5
19位,,ウィザード,ひろお。,1254,5
20位,,ウィザード,えいにゃ,1250,5
21位,,ウィザード,ななゃ,1250,5
22位,,ウィザード,炎楓,1249,5
23位,,ウィザード,―Barcelona―,1244,5
24位,,ウィザード,ТΗαηαTοｓ,1238,5
25位,,ウィザード,くじら丸,1236,5
26位,,ウィザード,ハートにトマト☆,1225,5
27位,,ウルフマン,狂犬ぱんだぁ,1224,5
28位,,ウィザード,marsborn,1220,5
29位,,ウィザード,GGdude,1204,5
30位,,ウルフマン,βとらドラβ,1203,5
31位,,ウィザード,ライキキ,1203,5
32位,,ウィザード,πRosenkreutzπ,1195,3
33位,,ウィザード,bashar24,1192,5
34位,,ウルフマン,ビオレおじさん,1189,5
35位,,ウルフマン,ワンワンドーモ,1188,5
36位,,ウィザード,森の犬,1174,5
37位,,ウィザード,WolLim,1171,5
38位,,ウルフマン,＠さらい,1170,5
39位,,ウィザード,ｲﾝﾉｹﾝﾃｨｳｽ３世,1170,5
40位,,ウィザード,山田准士,1167,5
41位,,ウィザード,Zarya,1146,5
42位,,ウィザード,きりもち,1135,5
43位,,ウルフマン,ハウル二世,1131,5
44位,,ウィザード,dice16,1122,5
45位,,ウィザード,☆夢露くん☆,1119,5
46位,,ウルフマン,meviusmode,1104,5
47位,,ウィザード,マリント,1099,5
48位,,ウィザード,もとひろ２,1094,5
49位,,ウィザード,METEOLA,1093,5
50位,,ウルフマン,ガブ犬,1091,5
51位,,ウィザード,うぃざど,1091,5
52位,,ウィザード,GorariMan,1089,5
53位,,ウィザード,影人☆,1082,5
54位,,ウィザード,めぐ子♪,1076,5
55位,,ウィザード,☆もいもい☆,1075,4
56位,,ウィザード,ｴﾙ･ｶﾐｰﾉ,1074,5
57位,,ウィザード,ｎational,1070,5
58位,,ウィザード,チンケなワンコ,1066,5
59位,,ウィザード,イニアド,1064,5
60位,,ウィザード,どんぱっちNx,1062,5
61位,,ウィザード,ロムレス,1059,5
62位,,ウィザード,ゎっち,1054,5
63位,,ウィザード,UC0083,1048,5
64位,,ウィザード,HYPERルンペソ,1048,5
65位,,ウィザード,firefall,1048,5
66位,,ウィザード,Ｃandy,1041,5
67位,,ウィザード,うぃの,1039,5
68位,,ウルフマン,プラチナドリー,1036,5
69位,,ウィザード,うなぎまんじゅう,1036,5
70位,,ウィザード,卍ろと卍,1033,5
71位,,ウィザード,フリーズナイト,1031,5
72位,,ウィザード,サオ,1031,5
73位,,ウィザード,水伯,1031,5
74位,,ウィザード,お嫁においでよ♪,1031,5
75位,,ウィザード,マスターギロン,1030,5
76位,,ウィザード,お嫁においでよ☆,1030,5
77位,,ウィザード,イーオン☆ミ,1030,5
78位,,ウィザード,†龍聖†,1026,5
79位,,ウィザード,ニョアの一番弟子,1025,5
80位,,ウィザード,ハルポン７,1025,5
81位,,ウィザード,演歌一筋,1023,5
82位,,ウィザード,あやうぃず＠1,1023,5
83位,,ウルフマン,お茶始めました。,1022,5
84位,,ウィザード,誕生花,1021,5
85位,,ウィザード,Sympathy,1020,5
86位,,ウルフマン,BMD☆チロル,1019,5
87位,,ウィザード,英国の鷲,1019,5
88位,,ウィザード,キャロトッシー,1019,5
89位,,ウィザード,タイス,1018,5
90位,,ウィザード,blackｗｉｎｇ,1018,5
91位,,ウィザード,AMMON_D,1018,5
92位,,ウィザード,tururu,1018,5
93位,,ウィザード,booboolife,1017,5
94位,,ウィザード,mimiapon,1016,5
95位,,ウィザード,JKL65,1016,5
96位,,ウルフマン,蟹壱,1015,5
97位,,ウィザード,ＨigherCreed,1015,5
98位,,ウィザード,うぇんでぃー,1014,5
99位,,ウィザード,時の流れ,1012,5
100位,,ウィザード,WIZRAIN,1011,5
101位,,ウィザード,Sauber,1008,5
102位,,ウィザード,イースターモアイ,1008,5
103位,,ウィザード,chopperman,1008,5
104位,,ウィザード,ちはやふる！,1005,5
105位,,ウィザード,κοζυκε,1005,5
106位,,ウィザード,RESCUE,1004,5
107位,,ウィザード,minotaur_VerⅠ,1004,5
108位,,ウィザード,カルシファー」,1004,5
109位,,ウィザード,アグ・アグ,1003,5
110位,,ウィザード,ポルトランド,1003,5
111位,,ウィザード,RSハンター,1003,5
112位,,ウィザード,tamu,1003,5
113位,,ウルフマン,ちくわULT,1002,5
114位,,ウィザード,やっきん,1002,5
115位,,ウルフマン,鬼魂狼,1001,5
116位,,ウィザード,ななほしてんとう,1001,5
117位,,ウィザード,風カゴメ,1001,5
118位,,ウィザード,OKgoogle,1000,5
119位,,ウィザード,ローランドナイト,1000,5
120位,,ウィザード,椛燐,1000,5
121位,,ウィザード,レモンのいれもん,998,5
122位,,ウィザード,今宵の月のように,997,5
123位,,ウィザード,幻想夢,995,5
124位,,ウィザード,ひかりです,994,5
125位,,ウィザード,＊ひかり＊,994,5
126位,,ウィザード,爽快ゼロ,993,5
127位,,ウィザード,BUSTER君,993,5
128位,,ウィザード,アヒル。,992,5
129位,,ウィザード,心友専用WIZ,991,5
130位,,ウィザード,ワンころん♪,991,2
131位,,ウィザード,Jack・Wizard,990,5
132位,,ウィザード,カンジェルマン,990,5
133位,,ウィザード,海嶋ダイチ,989,5
134位,,ウィザード,ロッカン,989,5
135位,,ウィザード,ΤΗαηατοｓ,988,5
136位,,ウィザード,みけ犬肉球,988,5
137位,,ウィザード,Ｍarlboro,985,5
138位,,ウィザード,シャコヌ,985,5
139位,,ウルフマン,チャイコ,984,5
140位,,ウィザード,☆碧眼魔術師☆,984,5
141位,,ウィザード,lll_uno_lll,984,5
142位,,ウルフマン,＊ハーミット＊,983,5
143位,,ウルフマン,ちょめじ♪,982,5
144位,,ウルフマン,†ベルセリオス†,982,5
145位,,ウィザード,unedent,979,5
146位,,ウィザード,言霊Ω,979,3
147位,,ウィザード,地獄極楽,977,5
148位,,ウィザード,しんごろ～まるＳ,977,5
149位,,ウィザード,マグニエ,976,5
150位,,ウィザード,ウィニングラン,976,5
151位,,ウィザード,あじゃこ,975,4
152位,,ウィザード,長宗我部元親,974,5
153位,,ウィザード,〈アルス〉,974,5
154位,,ウルフマン,ルイン（叡智,973,5
155位,,ウィザード,FreshWindPoPo,973,5
156位,,ウィザード,ごりらん,972,5
157位,,ウィザード,しげうぃず,971,5
158位,,ウィザード,ﾘﾋﾞｳｽ,971,5
159位,,ウィザード,威龍2,971,5
160位,,ウィザード,アンデットボーン,969,0
161位,,ウルフマン,青海苔フラッシュ,968,5
162位,,ウィザード,雪華綺晶κ,968,5
163位,,ウィザード,スーパーエディカ,968,5
164位,,ウルフマン,ろじうむ,966,5
165位,,ウルフマン,こちお。,965,5
166位,,ウィザード,腹毛は白いよ,965,5
167位,,ウィザード,０８３,965,5
168位,,ウィザード,レーン。,965,5
169位,,ウィザード,エピメテウス,964,5
170位,,ウィザード,ΨロジックΨ,964,5
171位,,ウィザード,イルククゥ,964,5
172位,,ウィザード,ﾁｮｺﾐﾝﾄ,963,5
173位,,ウィザード,甄姫T,963,5
174位,,ウルフマン,松林檎,962,5
175位,,ウィザード,源次郎信繁,962,5
176位,,ウィザード,sakanan,962,5
177位,,ウィザード,クロフィ～大陸,962,5
178位,,ウィザード,七星の妖聖,962,5
179位,,ウィザード,恥さらし,962,5
180位,,ウィザード,汚れたバベルの塔,962,5
181位,,ウィザード,猛撃君,962,5
182位,,ウルフマン,わんこ（・ω・＠,961,5
183位,,ウィザード,ﾌｧｲｱｰｽﾓｰｸ,961,5
184位,,ウィザード,おりす,959,5
185位,,ウィザード,霧隠れサイゾウ,959,5
186位,,ウィザード,マーセナリーズ,959,5
187位,,ウィザード,あやまん＠支援,959,5
188位,,ウィザード,名も無き魔法使い,959,4
189位,,ウィザード,ＪＥＮＮＹ,958,5
190位,,ウィザード,LARKW,958,5
191位,,ウィザード,Highdon,958,5
192位,,ウルフマン,魔犬ジョリー,957,5
193位,,ウィザード,デスギアゲヒル＠,957,5
194位,,ウィザード,クラウドж,956,5
195位,,ウルフマン,ｱﾂｩｲ,955,5
196位,,ウィザード,孔明，,955,5
197位,,ウルフマン,力への意志,954,5
198位,,ウィザード,鈴木☆地面,954,5
199位,,ウィザード,偽露露,954,5
200位,,ウィザード,BUN3384,954,5
201位,,ウィザード,Lavendura,954,5
202位,,ウィザード,nero♪,952,5
203位,,ウィザード,御手洗夕美,952,5
204位,,ウィザード,くろヾ,952,5
205位,,ウルフマン,ｴﾝﾋﾟﾂ,951,5
206位,,ウィザード,ES４４０,951,5
207位,,ウィザード,心は海,950,5
208位,,ウルフマン,ブランカ卍,950,2
209位,,ウルフマン,月下れん,949,5
210位,,ウィザード,ヤシャマル,949,5
211位,,ウィザード,☆ニャア大佐,948,5
212位,,ウィザード,望梦,948,5
213位,,ウィザード,☆ありゆう☆,948,5
214位,,ウィザード,レイディアント,948,5
215位,,ウィザード,銀ＷＩＺ,947,5
216位,,ウィザード,塔凶龍,947,5
217位,,ウルフマン,盗賊のわんこ生活,946,5
218位,,ウィザード,リーベルハイン,946,5
219位,,ウィザード,ﾀﾞｰｸｼｭﾅｲﾀﾞｰ,946,5
220位,,ウィザード,§gimlet§,945,5
221位,,ウィザード,cyamo_,945,5
222位,,ウィザード,ラークW,945,5
223位,,ウィザード,タッカ,945,5
224位,,ウィザード,∞柊∞,945,5
225位,,ウィザード,アンドﾉﾚフ,945,5
226位,,ウルフマン,犬ですかね,944,5
227位,,ウィザード,デブ２,944,5
228位,,ウィザード,バルセロナ☆,944,5
229位,,ウィザード,zerosum_game,944,5
230位,,ウィザード,大＿福,944,5
231位,,ウィザード,MajicAttacker,944,5
232位,,ウィザード,νちゅ～るν,944,4
233位,,ウルフマン,ＪＥＮＩＣＡ,943,5
234位,,ウィザード,ノローニャ,943,5
235位,,ウィザード,D・mckay,943,5
236位,,ウィザード,スカイ・レイ,943,5
237位,,ウィザード,motoron,943,5
238位,,ウィザード,北国の錬金術師,943,5
239位,,ウィザード,赤い彗星のニャア,942,5
240位,,ウィザード,ジェイルバード,942,5
241位,,ウィザード,琥羅胡堵,942,5
242位,,ウィザード,ウィズス,942,5
243位,,ウィザード,インターロック,942,5
244位,,ウィザード,ｸﾞﾘｰﾝだよ！,942,3
245位,,ウルフマン,狂った狼,941,5
246位,,ウィザード,竜ノ介,941,5
247位,,ウィザード,ぽようぃず,941,5
248位,,ウィザード,蔓薔薇,941,5
249位,,ウィザード,ひよこWIZ,941,5
250位,,ウィザード,クール星人,941,5
251位,,ウィザード,Accella,941,5
252位,,ウィザード,ティアック,941,5
253位,,ウィザード,したども,941,5
254位,,ウィザード,お茶汲み。３,941,5
255位,,ウィザード,たぼちゃん,941,2
256位,,ウィザード,Paul‐Smith,940,5
257位,,ウィザード,病気のコボルトの,940,5
258位,,ウィザード,D・cloud,940,5
259位,,ウィザード,シュタット,940,5
260位,,ウィザード,らせんろ～る,940,5
261位,,ウィザード,MoomInName,940,4
262位,,ウィザード,◇ドナルド◇,940,4
263位,,ウィザード,シェルビｰ,940,1
264位,,ウィザード,疑心暗鬼♪,939,5
265位,,ウィザード,DelusionMaster,939,5
266位,,ウィザード,ⅹWECHERⅹ,939,5
267位,,ウィザード,央弥ゆずき,939,5
268位,,ウルフマン,ガンダルフーA,938,5
269位,,ウィザード,toshi25,938,5
270位,,ウィザード,くれおん,938,5
271位,,ウィザード,†ミストガン†,938,5
272位,,ウィザード,ウルフ万太郎,938,3
273位,,ウルフマン,ろとしっくす,937,5
274位,,ウィザード,無魔人,937,5
275位,,ウィザード,涼崎,937,5
276位,,ウィザード,HieroCrysiss,937,5
277位,,ウィザード,ちゅかぽん,937,5
278位,,ウィザード,ShadowBlackRS,937,5
279位,,ウィザード,ちゅぱにゃん☆彡,937,5
280位,,ウィザード,アルケミスティ,937,5
281位,,ウィザード,成り上がりワンコ,937,4
282位,,ウィザード,布施２,937,4
283位,,ウィザード,ルーンセイバー,937,0
284位,,ウルフマン,鳶☆丸,936,5
285位,,ウィザード,カーサス。,936,5
286位,,ウィザード,subarunn,936,5
287位,,ウィザード,君臨者,936,5
288位,,ウィザード,キムサポート,936,5
289位,,ウィザード,ローランドjr,936,0
290位,,ウルフマン,∬fruitshower∬,935,5
291位,,ウィザード,０７ニート,935,5
292位,,ウィザード,小早川三玖,935,5
293位,,ウィザード,lxlx_龍斗_xlxl,935,5
294位,,ウィザード,ホワイトナイト！,935,4
295位,,ウィザード,□ーレル,934,5
296位,,ウィザード,Parca_Mercurius,934,5
297位,,ウィザード,ひゅーる,934,5
298位,,ウィザード,いっきゅ,934,5
299位,,ウィザード,BlackAlsiel,934,5
300位,,ウィザード,ちこちくく,934,5
301位,,ウィザード,大炎戒,934,1
302位,,ウィザード,最弱の魔法使い,933,5
303位,,ウィザード,キムチン,933,5
304位,,ウィザード,きょんきょん,933,5
305位,,ウルフマン,にゃんうぃ,932,5
306位,,ウルフマン,犬飼仙次郎,932,5
307位,,ウィザード,〓だーしゅ〓,932,5
308位,,ウィザード,翼ちゃん,932,5
309位,,ウィザード,↑とち↑,932,5
310位,,ウィザード,どあらちゃぁん,932,5
311位,,ウィザード,キムノビッチ,932,5
312位,,ウィザード,魔法使いません,932,5
313位,,ウィザード,merokun♪♪,932,3
314位,,ウィザード,Westin,932,0
315位,,ウルフマン,ほんのきーち,931,5
316位,,ウルフマン,JA11V,931,5
317位,,ウィザード,青のマジシャン,931,5
318位,,ウィザード,内藤大湖,931,5
319位,,ウィザード,supr改,931,5
320位,,ウィザード,Seety,931,5
321位,,ウィザード,瘡蓋,931,5
322位,,ウィザード,Another_World,931,4
323位,,ウィザード,yamatok1,931,4
324位,,ウィザード,ざおぴぃ,931,3
325位,,ウィザード,焼氷,931,0
326位,,ウィザード,エルフィール☆,931,0
327位,,ウルフマン,がじん,930,5
328位,,ウィザード,aokichi,930,5
329位,,ウィザード,美那。,930,5
330位,,ウィザード,司馬仲達．,930,5
331位,,ウィザード,ｱﾙﾌｬｲﾔｰ,930,5
332位,,ウィザード,Windystar☆,930,5
333位,,ウィザード,緋しぐしぐ,930,5
334位,,ウィザード,☆風と伴に☆,930,4
335位,,ウィザード,hirolark,930,3
336位,,ウィザード,ひさしろ,930,2
337位,,ウルフマン,小早川隆景,930,1
338位,,ウルフマン,人体模型の夜,929,5
339位,,ウィザード,M1y4ke,929,5
340位,,ウィザード,最終魔王赤井,929,5
341位,,ウィザード,今日もたけし,929,5
342位,,ウィザード,ロワ・サテリット,929,5
343位,,ウィザード,はくまち,929,5
344位,,ウィザード,1雲雀骸1,929,5
345位,,ウィザード,風絆,929,5
346位,,ウィザード,Killing。,929,5
347位,,ウィザード,ﾌｧｲﾔｰｽﾓｰｸ,929,5
348位,,ウィザード,ﾌｬｲﾔｰｱﾙ,929,5
349位,,ウィザード,まほまほ,929,5
350位,,ウィザード,ミシュケ,929,4
351位,,ウィザード,＝タカピ＝,929,2
352位,,ウルフマン,YassyPotter3,928,5
353位,,ウィザード,＾＾；；；,928,5
354位,,ウィザード,ぐりふぉーに,928,5
355位,,ウィザード,ponchi,928,5
356位,,ウィザード,naya03,928,5
357位,,ウィザード,毛並良い犬,928,5
358位,,ウィザード,闇の扉が開かれた,928,5
359位,,ウィザード,Dramagods,928,5
360位,,ウィザード,アンドルス,928,5
361位,,ウィザード,バルドゥール,928,5
362位,,ウィザード,JennyDayco,928,5
363位,,ウィザード,Solare,928,4
364位,,ウィザード,meviusgold,928,3
365位,,ウルフマン,ブルバキ,928,2
366位,,ウルフマン,魔女のお急ぎ便,927,5
367位,,ウィザード,かいじゅう君,927,5
368位,,ウィザード,イツアキ,927,5
369位,,ウィザード,＊塵霞＊,927,5
370位,,ウィザード,ペネロペ～,927,5
371位,,ウィザード,シャーラスタニ,927,5
372位,,ウィザード,☆☆龍聖☆☆,927,5
373位,,ウィザード,かごめっち,927,5
374位,,ウィザード,荒れ雲,927,5
375位,,ウィザード,ヒマ・サン,927,5
376位,,ウィザード,伝説の魔術士,927,5
377位,,ウィザード,みに魔導士Ⅱ,927,0
378位,,ウィザード,リバリバ,927,0
379位,,ウィザード,楓にゃんにゃん,926,5
380位,,ウィザード,バロシャン,926,5
381位,,ウィザード,琉成,926,5
382位,,ウィザード,修理亮,926,5
383位,,ウィザード,ξ～ｋ～ξ,926,5
384位,,ウィザード,シュルツ,926,5
385位,,ウィザード,ﾌｧｲｱｰﾀﾞｰｸ,926,5
386位,,ウィザード,ﾌｧｲｱｰﾌｧｲｱｰ,926,5
387位,,ウィザード,犬神降臨,926,5
388位,,ウィザード,青宝珠,926,3
389位,,ウィザード,詰め替えインク,926,3
390位,,ウルフマン,bashar23狼,926,0
391位,,ウルフマン,わん社長,925,5
392位,,ウィザード,青やん。,925,5
393位,,ウィザード,FullCircle,925,5
394位,,ウィザード,ﾘﾊﾞﾌﾟ,925,5
395位,,ウィザード,陳宮公台,925,5
396位,,ウィザード,炎のダンブルドア,925,5
397位,,ウィザード,Ｈ．Ｂ．,925,5
398位,,ウィザード,アイスフィールド,925,5
399位,,ウィザード,八海山1,925,5
400位,,ウィザード,ｼｭﾌﾟ,925,5
401位,,ウィザード,犬魔導師マーリン,925,5
402位,,ウィザード,ｺｰﾝﾎﾟﾀｰｼﾞｭ,925,4
403位,,ウィザード,派ー！！！,925,3
404位,,ウィザード,６億当たれ！,925,0
405位,,ウルフマン,かみかみちぷまん,924,5
406位,,ウィザード,くろくろこ,924,5
407位,,ウィザード,ﾃｸﾆｶﾙｶﾞｲｼﾞ,924,5
408位,,ウィザード,§爛丸,924,5
409位,,ウィザード,麗雪,924,5
410位,,ウィザード,Wisk,924,3
411位,,ウルフマン,火葬屋’‘,924,2
412位,,ウィザード,ショウちゃん,924,0
413位,,ウルフマン,WIZポン,923,5
414位,,ウルフマン,ジェフの番犬,923,5
415位,,ウィザード,☆ニャア少佐,923,5
416位,,ウィザード,sukekou,923,5
417位,,ウィザード,裸☆族,923,5
418位,,ウィザード,Free＆Easy,923,5
419位,,ウィザード,☆孤鴉☆,923,5
420位,,ウィザード,ｹﾗｹﾗｹﾗw,923,5
421位,,ウィザード,青の弟,923,5
422位,,ウィザード,matabeeW,923,5
423位,,ウィザード,POTATO（ｴﾝﾁｬ味）,923,5
424位,,ウィザード,virtual,923,5
425位,,ウィザード,イチニーイチ,923,5
426位,,ウィザード,魔術師ヨシヒコ,923,5
427位,,ウィザード,肉炭酢,923,5
428位,,ウィザード,イップン,923,5
429位,,ウィザード,とよごんＮｘ,923,5
430位,,ウィザード,ニコソル60mg,923,5
431位,,ウィザード,ＭarlboroⅡ,923,4
432位,,ウィザード,アリャ魔ァ☆,923,4
433位,,ウルフマン,頭撫でて。,923,3
434位,,ウィザード,Ｍファルコン,923,3
435位,,ウィザード,ゼロマスタング,923,3
436位,,ウルフマン,がるるるぱいせん,923,2
437位,,ウルフマン,ヴァルデマール,923,0
438位,,ウィザード,JackRyan,923,0
439位,,ウルフマン,もじゃ☆もじゃ,922,5
440位,,ウルフマン,疾走,922,5
441位,,ウルフマン,ピエロ・ステッキ,922,5
442位,,ウルフマン,もんもん。獄,922,5
443位,,ウルフマン,ポチUo･ｪ･oU,922,5
444位,,ウルフマン,犬死労,922,5
445位,,ウィザード,☆WIZポン☆,922,5
446位,,ウィザード,バルセロナX,922,5
447位,,ウィザード,アメノムラクモ,922,5
448位,,ウィザード,いつあき,922,5
449位,,ウィザード,ﾘｵﾝｷｰﾗ,922,5
450位,,ウィザード,アパール,922,5
451位,,ウィザード,デパスラ,922,5
452位,,ウィザード,風間剛,922,5
453位,,ウィザード,あんしゃる,922,5
454位,,ウィザード,東方妖恋談,922,5
455位,,ウィザード,kazuhiro02,922,5
456位,,ウィザード,夢の理,922,5
457位,,ウィザード,†RIXBARD†,922,4
458位,,ウィザード,布施WIZ,922,4
459位,,ウィザード,風と伴に☆,922,4
460位,,ウィザード,アバント,922,4
461位,,ウィザード,軍人ロックスター,922,3
462位,,ウィザード,ｋ。１,922,3
463位,,ウィザード,シヤの咆哮,922,1
464位,,ウィザード,桜之華,922,1
465位,,ウルフマン,夕暮れに吹く風,921,5
466位,,ウルフマン,雨の散歩道,921,5
467位,,ウルフマン,あてんtsu,921,5
468位,,ウィザード,Dzoro,921,5
469位,,ウィザード,ビーバー００３,921,5
470位,,ウィザード,☆PHILIP☆,921,5
471位,,ウィザード,WIZちゃん,921,5
472位,,ウィザード,ダークエヴァ,921,5
473位,,ウィザード,蟹ｸﾘｰﾑｺﾛｯｹ,921,5
474位,,ウィザード,クリスタルパール,921,5
475位,,ウィザード,Krapfen,921,5
476位,,ウィザード,玄蔵,921,5
477位,,ウィザード,ﾌｫｰﾗｽｻﾞｯｸ,921,5
478位,,ウィザード,ms245,921,5
479位,,ウィザード,ｏｄｅｓｓｅｙ,921,5
480位,,ウィザード,ルウクＰＡＲＴ２,921,5
481位,,ウィザード,ルルラドルフ,921,5
482位,,ウィザード,いつか狼になる,921,5
483位,,ウィザード,370GT,921,5
484位,,ウィザード,ﾋﾟﾎﾟｻﾙ,921,4
485位,,ウィザード,白銀魔,921,3
486位,,ウィザード,￡Siva￡,921,3
487位,,ウィザード,EndlessMebius,921,0
488位,,ウィザード,クマのプ－さん,921,0
489位,,ウィザード,ポシンタン,921,0
490位,,ウィザード,田所こうじ,920,5
491位,,ウィザード,ｲｯｸﾝ☆彡,920,5
492位,,ウィザード,シャコル,920,5
493位,,ウィザード,ぴゃにっち,920,5
494位,,ウィザード,超威龍,920,5
495位,,ウィザード,たら虎,920,5
496位,,ウィザード,びび３３,920,5
497位,,ウィザード,魔押,920,5
498位,,ウィザード,ダンデリオン,920,5
499位,,ウィザード,ovachan,920,5
500位,,ウィザード,Ｋ・マルクス,920,5
501位,,ウィザード,祢太郎くん,920,5
502位,,ウィザード,Derdian,920,5
503位,,ウィザード,極滅業炎,920,4
504位,,ウィザード,Foxglove,920,4
505位,,ウィザード,24時間営業中,920,4
506位,,ウィザード,マジカルマサ,920,4
507位,,ウルフマン,金色のダイソン,920,3
508位,,ウィザード,トパーズ・アイ,920,3
509位,,ウィザード,ペコムズ。,920,3
510位,,ウィザード,ハデたん,920,3
511位,,ウィザード,白猫の民衆,920,0
512位,,ウィザード,ティガ－,920,0
513位,,ウィザード,†ＯＷＬ†,920,0
514位,,ウルフマン,ンフ,919,5
515位,,ウィザード,jun53,919,5
516位,,ウィザード,オストマルク,919,5
517位,,ウィザード,銀三郎,919,5
518位,,ウィザード,Ｋｕ～空～,919,5
519位,,ウィザード,†The魔導師†,919,5
520位,,ウィザード,ゼレッサ,919,5
521位,,ウィザード,トトロ塵,919,5
522位,,ウィザード,harveyJP,919,5
523位,,ウィザード,スーパーナツキ,919,5
524位,,ウィザード,coen,919,4
525位,,ウィザード,すんたま,919,4
526位,,ウルフマン,ネコです,919,3
527位,,ウィザード,ニョアの盾五郎,919,3
528位,,ウィザード,ヒゲオヤジィド,919,0
529位,,ウルフマン,わんぱく坊主,918,5
530位,,ウルフマン,William_Corvinus,918,5
531位,,ウルフマン,遊眞_002,918,5
532位,,ウィザード,摩天龍’,918,5
533位,,ウィザード,ヴァームス,918,5
534位,,ウィザード,＋HOPE＋,918,5
535位,,ウィザード,moony,918,5
536位,,ウィザード,Ramdha,918,2
537位,,ウィザード,青き稲妻の賢者,918,0
538位,,ウルフマン,冥土珈琲,917,5
539位,,ウルフマン,おおくちのまがみ,917,5
540位,,ウルフマン,りふれーん,917,5
541位,,ウィザード,苺の戦士お嫁さん,917,5
542位,,ウィザード,おおいずみん,917,5
543位,,ウィザード,ロライゼ,917,5
544位,,ウィザード,アルレウス,917,5
545位,,ウィザード,帝狼,917,5
546位,,ウィザード,dust001,917,5
547位,,ウィザード,氷結ぱんだぁ,917,5
548位,,ウィザード,横須賀亜風,917,5
549位,,ウィザード,岡本クリニック,917,5
550位,,ウィザード,Barthazar,917,5
551位,,ウィザード,Rk91,917,5
552位,,ウィザード,KAGEYAMA4,917,5
553位,,ウィザード,ワナビー,917,4
554位,,ウルフマン,オーバーワゴン,917,3
555位,,ウルフマン,吠え犬,917,3
556位,,ウィザード,ポーリンchan,917,1
557位,,ウィザード,鬼朱雀,917,0
558位,,ウィザード,×１③,917,0
559位,,ウィザード,ﾃﾞﾗﾍﾞｯﾋﾟﾝ外掛け,916,5
560位,,ウィザード,♪かお,916,5
561位,,ウィザード,βはいきβ,916,5
562位,,ウィザード,プラチナデータ,916,5
563位,,ウィザード,花神楽,916,5
564位,,ウィザード,あっち227,916,5
565位,,ウルフマン,やさぐれ山賊,916,4
566位,,ウィザード,雪ノ華,916,4
567位,,ウィザード,エインズワース,916,1
568位,,ウィザード,kiyosi11,916,0
569位,,ウィザード,okacha,916,0
570位,,ウィザード,あぐ・あぐ,916,0
571位,,ウルフマン,ベルセルク橘,915,5
572位,,ウィザード,桃色毒蝮兄弟,915,5
573位,,ウィザード,わこー,915,5
574位,,ウィザード,れもんみどり,915,5
575位,,ウィザード,blueーsea,915,5
576位,,ウィザード,烏賊天,915,5
577位,,ウィザード,レッドストーン最,915,5
578位,,ウィザード,ゾロ・ズボーネ,915,5
579位,,ウィザード,Σ狼犬Σ,915,5
580位,,ウィザード,滅罪,915,5
581位,,ウィザード,パフェ親父,915,5
582位,,ウィザード,starwalker,915,5
583位,,ウィザード,かんたろう,915,5
584位,,ウィザード,ヨハンリヴェルト,915,5
585位,,ウィザード,グランドルフ,915,5
586位,,ウルフマン,朝焼け雲,915,3
587位,,ウィザード,ロン毛が暑苦しい,915,3
588位,,ウィザード,kiyosi2,915,1
589位,,ウルフマン,Galangal,914,5
590位,,ウィザード,Ｈarvey,914,5
591位,,ウィザード,苺ｼﾞｬﾑ,914,5
592位,,ウィザード,彩雲。,914,5
593位,,ウィザード,かいてんてい,914,5
594位,,ウィザード,ぽぽっこ,914,5
595位,,ウィザード,†bluesky†,914,5
596位,,ウィザード,φ_555_φ,914,5
597位,,ウィザード,ｼｭｳﾏｲ,914,5
598位,,ウィザード,EndlessHeaven,914,5
599位,,ウィザード,初代帝王,914,5
600位,,ウィザード,tomottin,914,5
601位,,ウィザード,ねこっぱち,914,5
602位,,ウィザード,ルシファー007,914,5
603位,,ウィザード,つばさらいおん。,914,4
604位,,ウィザード,デブ８,914,3
605位,,ウィザード,↓トチ↓,914,3
606位,,ウィザード,支援下さい,914,2
607位,,ウィザード,ﾛｯｸｵﾝ･ｽﾄﾗﾄｽ,914,2
608位,,ウィザード,櫻の華,914,1
609位,,ウルフマン,うるふまん＠,913,5
610位,,ウルフマン,Freeze，グラン,913,5
611位,,ウィザード,オルターガイスト,913,5
612位,,ウィザード,燿乃,913,5
613位,,ウィザード,なるかみ,913,5
614位,,ウィザード,SuperTAKA,913,5
615位,,ウィザード,ψ夢幻ψ,913,5
616位,,ウィザード,Х魔導師wizХ,913,5
617位,,ウィザード,silenteve,913,5
618位,,ウィザード,Ryu22,913,5
619位,,ウィザード,としにゃん,913,5
620位,,ウルフマン,ミニワンコ,913,4
621位,,ウィザード,ppip,913,4
622位,,ウルフマン,月夜に潜む幻狼,913,3
623位,,ウィザード,トドゼルガ,913,3
624位,,ウィザード,素人太郎,913,3
625位,,ウィザード,殴りだんちょー,913,0
626位,,ウルフマン,慈撫カイン,912,5
627位,,ウルフマン,セブンフラッシュ,912,5
628位,,ウィザード,～リリアン～,912,5
629位,,ウィザード,ｾﾞﾚﾌ,912,5
630位,,ウィザード,ｸﾜﾄﾛ･ﾊﾞｼﾞｰﾅ,912,5
631位,,ウィザード,万里花,912,5
632位,,ウィザード,どぁどぁ,912,5
633位,,ウィザード,カレーヌードル,912,5
634位,,ウィザード,シュルツワン,912,5
635位,,ウィザード,heizou,912,5
636位,,ウィザード,☆颯人☆,912,5
637位,,ウィザード,ぽぽむ,912,5
638位,,ウィザード,ハテW,912,5
639位,,ウィザード,Miriam,912,5
640位,,ウィザード,祝福の宴,912,5
641位,,ウルフマン,ゼッタイ宣言！,912,4
642位,,ウィザード,ティダネシア,912,4
643位,,ウィザード,イカリ王,912,4
644位,,ウィザード,えとわる号,912,3
645位,,ウルフマン,Sunnydrop,912,2
646位,,ウィザード,天杖,912,1
647位,,ウルフマン,ゆわわ,912,0
648位,,ウィザード,シェラとん,912,0
649位,,ウィザード,セクシー小窓,912,0
650位,,ウルフマン,ねぎ抜き。,911,5
651位,,ウィザード,アオヤン！！,911,5
652位,,ウィザード,sakila,911,5
653位,,ウィザード,ﾒｰﾃｵ,911,5
654位,,ウィザード,君空,911,5
655位,,ウィザード,♪～シン～♪,911,5
656位,,ウィザード,小川杏奈,911,5
657位,,ウィザード,遣い,911,5
658位,,ウィザード,トモ２号,911,5
659位,,ウィザード,魔翔☆,911,5
660位,,ウィザード,☆キンちゃん☆,911,5
661位,,ウィザード,童幻,911,5
662位,,ウィザード,ブルガリー,911,5
663位,,ウィザード,wiwz,911,5
664位,,ウィザード,ルビーソウル,911,5
665位,,ウィザード,お肉屋さん,911,5
666位,,ウィザード,まめ大福,911,5
667位,,ウィザード,キムサポ,911,5
668位,,ウィザード,☆Arius☆,911,5
669位,,ウィザード,tamachan,911,5
670位,,ウィザード,真田正幸,911,5
671位,,ウィザード,wiztyoko,911,4
672位,,ウィザード,Gρτεα,911,3
673位,,ウィザード,Ｆｕｋｕｒｏ,911,3
674位,,ウィザード,Ruwice,911,1
675位,,ウィザード,GHがおウチくん,911,1
676位,,ウルフマン,コルチゾール,911,0
677位,,ウィザード,デブ０,911,0
678位,,ウィザード,赤杖,911,0
679位,,ウルフマン,ルシフェロード,910,5
680位,,ウィザード,キルテア,910,5
681位,,ウィザード,デボラハリー,910,5
682位,,ウィザード,☆コナン☆彡,910,5
683位,,ウィザード,merokun°,910,5
684位,,ウィザード,チビノリダー,910,5
685位,,ウィザード,アクアπ,910,5
686位,,ウィザード,邪鬼皇帝,910,5
687位,,ウィザード,陳登思考,910,5
688位,,ウィザード,ｳｨｻﾞｰﾄﾞｵﾌﾞｷｬﾝﾀﾏ,910,5
689位,,ウィザード,史文恭．,910,5
690位,,ウィザード,火遁のサスケ,910,5
691位,,ウィザード,セラミックハート,910,5
692位,,ウィザード,Contest,910,5
693位,,ウィザード,ルードヴィヒ♪,910,5
694位,,ウィザード,♪BonｼﾞｭｰﾙⅡ世♪,910,5
695位,,ウィザード,はなこﾁｬﾝ☆,910,5
696位,,ウィザード,ダナン,910,5
697位,,ウィザード,シーズン,910,5
698位,,ウィザード,セファス,910,5
699位,,ウルフマン,Mistral☆,910,4
700位,,ウィザード,瑠璃草,910,4
701位,,ウィザード,☆バオー☆,910,4
702位,,ウィザード,はだかの犬,910,4
703位,,ウィザード,ポチョムキン☆,910,3
704位,,ウィザード,ディダ´,910,3
705位,,ウィザード,handycrown,910,2
706位,,ウィザード,ひで坊。,910,1
707位,,ウィザード,うずういず,910,1
708位,,ウィザード,グリコーゲンX,910,0
709位,,ウィザード,紅のエンジ,910,0
710位,,ウルフマン,†狼の陽炎†,909,5
711位,,ウルフマン,Carn_ivore,909,5
712位,,ウルフマン,ゆ〜き,909,5
713位,,ウルフマン,コウノルナ,909,5
714位,,ウィザード,魔法使いおたつ,909,5
715位,,ウィザード,メルケ,909,5
716位,,ウィザード,霊士,909,5
717位,,ウィザード,☆☆龍聖,909,5
718位,,ウィザード,神魔龍,909,5
719位,,ウィザード,xbellfx,909,5
720位,,ウィザード,魔法使いますっ！,909,5
721位,,ウィザード,やんたろ,909,5
722位,,ウィザード,冥王レイリ〜さん,909,5
723位,,ウィザード,バターおじさん,909,5
724位,,ウィザード,medicina,909,4
725位,,ウルフマン,迷犬ジョリィ,909,0
726位,,ウルフマン,ジルバック,909,0
727位,,ウルフマン,炎路夜行,908,5
728位,,ウルフマン,ビン・缶・マン,908,5
729位,,ウィザード,ｸﾜﾄﾛ・ﾊﾞｼﾞｰﾆｬ,908,5
730位,,ウィザード,ロンリーベア,908,5
731位,,ウィザード,キャスパ−,908,5
732位,,ウィザード,わけめ酒,908,5
733位,,ウィザード,霧WIZ,908,5
734位,,ウィザード,ユージェフ,908,5
735位,,ウィザード,WＷWＷWＷWＷWＷW,908,5
736位,,ウィザード,凛沖。,908,5
737位,,ウィザード,ヴォルフラム,908,5
738位,,ウィザード,パンツもぐもぐ,908,5
739位,,ウィザード,ﾃﾞﾋﾞﾙｽﾞ･ｳﾞｧﾚﾝﾀｲﾝ,908,5
740位,,ウィザード,Blue_Sea,908,5
741位,,ウィザード,トトロ隕石,908,5
742位,,ウィザード,みるくちー,908,5
743位,,ウィザード,風水エンジン,908,5
744位,,ウィザード,キムノビッチ２,908,5
745位,,ウィザード,キムチン２,908,5
746位,,ウィザード,アルセーヌ伯爵,908,5
747位,,ウィザード,ロボス,908,5
748位,,ウィザード,紫虚上人,908,5
749位,,ウルフマン,∀sleeper∀,908,4
750位,,ウィザード,アグウィズ,908,4
751位,,ウィザード,ＣＡＲ☆Ｌ,908,4
752位,,ウィザード,ダークレイス,908,4
753位,,ウィザード,ｺﾚｶﾞﾜｶﾗﾅｲ,908,4
754位,,ウィザード,うみチャーハン,908,3
755位,,ウィザード,壱虜,908,3
756位,,ウィザード,ψ黒子ψ,908,2
757位,,ウルフマン,シルバーロア,908,0
758位,,ウィザード,鬼束ちひろ,908,0
759位,,ウィザード,天使麗,908,0
760位,,ウィザード,ｋわん,908,0
761位,,ウィザード,ｳィｻﾞｰﾄﾞ3,908,0
762位,,ウルフマン,オレア,907,5
763位,,ウルフマン,ネギ様,907,5
764位,,ウルフマン,回るくまちゃん,907,5
765位,,ウルフマン,藍染総右介,907,5
766位,,ウィザード,HellWiz,907,5
767位,,ウィザード,初心者君だよ,907,5
768位,,ウィザード,haru111,907,5
769位,,ウィザード,ぷぴーな☆,907,5
770位,,ウィザード,大学生金太郎,907,5
771位,,ウルフマン,ダークジュノン,907,4
772位,,ウルフマン,Rhinebeck,907,4
773位,,ウィザード,有閑倶楽部,907,4
774位,,ウィザード,漢人さん,907,4
775位,,ウィザード,ΤΗΛηαΤοｓ,907,4
776位,,ウィザード,絡繰師,907,4
777位,,ウィザード,残夏,907,4
778位,,ウィザード,ｻﾗｻﾗﾛﾝｸﾞﾂﾞﾗ,907,4
779位,,ウィザード,しばきよ,907,4
780位,,ウィザード,アリス999,907,4
781位,,ウィザード,blackart,907,4
782位,,ウルフマン,AMES,907,3
783位,,ウィザード,ぼくマイキー,907,3
784位,,ウィザード,ボルダーオパール,907,3
785位,,ウィザード,夏乃,907,3
786位,,ウィザード,byasuron,907,2
787位,,ウルフマン,Cooの黒柴,907,0
788位,,ウルフマン,ﾊﾝﾃｨﾝｸﾞﾄﾛﾌｨｰ,907,0
789位,,ウィザード,ё便利屋ё,907,0
790位,,ウィザード,＄村長＄,907,0
791位,,ウルフマン,野生のチワワ,906,5
792位,,ウルフマン,火の玉わんこ,906,5
793位,,ウルフマン,dianthus,906,5
794位,,ウィザード,bromal,906,5
795位,,ウィザード,Muspellzheimr,906,5
796位,,ウィザード,甘噛み☆彡,906,5
797位,,ウィザード,鬼礼,906,5
798位,,ウィザード,ベンさん,906,5
799位,,ウィザード,青ちゃん♪,906,5
800位,,ウィザード,ＹＺＲ−Ｍ１,906,5
801位,,ウィザード,きょっけ,906,5
802位,,ウィザード,newtoshi,906,5
803位,,ウィザード,絶対支援しないよ,906,5
804位,,ウィザード,常盤台の超電磁砲,906,5
805位,,ウィザード,jigpara,906,5
806位,,ウィザード,風雪炎華,906,5
807位,,ウィザード,ё皇帝ペンギンё,906,5
808位,,ウィザード,じゅりあ♪,906,5
809位,,ウルフマン,業炎牙狼,906,4
810位,,ウィザード,☆しゅりゅりん☆,906,4
811位,,ウィザード,へらちょんぴ,906,3
812位,,ウィザード,Fleetwood,906,3
813位,,ウィザード,常夏WIZ♪,906,3
814位,,ウルフマン,紫雷_イオ,906,1
815位,,ウルフマン,ハインリヒ,906,0
816位,,ウィザード,ぷらーな,906,0
817位,,ウィザード,ボディサトヴァ,906,0
818位,,ウィザード,おこりんご,906,0
819位,,ウィザード,WIZ3,906,0
820位,,ウィザード,マーク・ボラン,906,0
821位,,ウルフマン,《神狼》ツァイト,905,5
822位,,ウルフマン,core狼,905,5
823位,,ウィザード,ベレット1,905,5
824位,,ウィザード,春缶,905,5
825位,,ウィザード,新じゃが先生,905,5
826位,,ウィザード,PROVISOR,905,5
827位,,ウィザード,火炎舌のカヴー,905,5
828位,,ウィザード,リラック蒼空３２,905,5
829位,,ウィザード,ミスター9,905,5
830位,,ウィザード,棗翡翠,905,5
831位,,ウィザード,トロる,905,5
832位,,ウィザード,☆ブラフマー☆彡,905,5
833位,,ウィザード,enchant_sma,905,5
834位,,ウィザード,Siegiswald,905,5
835位,,ウルフマン,こう見えて猫,905,4
836位,,ウルフマン,terurururu,905,4
837位,,ウィザード,Sacramento,905,4
838位,,ウィザード,Ｒ＆ＤⅠ,905,4
839位,,ウィザード,羽川つばさ,905,4
840位,,ウィザード,内海賢二,905,4
841位,,ウィザード,まなぶ君,905,3
842位,,ウィザード,みならいWIZ,905,3
843位,,ウルフマン,ヌルカ,905,2
844位,,ウィザード,アンドフル,905,2
845位,,ウィザード,魔界幼女エキドナ,905,1
846位,,ウィザード,ジムグリ,905,0
847位,,ウルフマン,炎魔狼,904,5
848位,,ウルフマン,ChunPei,904,5
849位,,ウィザード,くーへ,904,5
850位,,ウィザード,桃聖,904,5
851位,,ウィザード,Kenzie,904,5
852位,,ウィザード,ラーン・ラーテス,904,5
853位,,ウィザード,桜花凛,904,5
854位,,ウィザード,ぽらりす☆,904,5
855位,,ウィザード,旋風の下僕です。,904,5
856位,,ウィザード,ゆゆん。,904,5
857位,,ウィザード,Ruwen,904,5
858位,,ウィザード,孤独意思,904,5
859位,,ウィザード,α社員,904,5
860位,,ウィザード,法統士元,904,5
861位,,ウィザード,薄切り,904,5
862位,,ウィザード,もく。,904,5
863位,,ウィザード,イーロエ公爵,904,5
864位,,ウィザード,マリスドランジュ,904,5
865位,,ウルフマン,猫駄楽気♪,904,4
866位,,ウィザード,ｌｌｌl,904,4
867位,,ウィザード,†李歐†,904,4
868位,,ウィザード,BlankLotus,904,4
869位,,ウィザード,１回生,904,4
870位,,ウィザード,あやなみ,904,3
871位,,ウィザード,タクロリムス,904,3
872位,,ウィザード,SAUVETAGE,904,1
873位,,ウィザード,天梟,904,1
874位,,ウィザード,さつま大海,904,1
875位,,ウルフマン,ロアグレン,904,0
876位,,ウィザード,Flame_explosion,904,0
877位,,ウィザード,めておー！,904,0
878位,,ウィザード,あやうぃず,903,5
879位,,ウィザード,楓燐,903,5
880位,,ウィザード,炎剣ディオス炎剣,903,5
881位,,ウィザード,てんらとほてぷ,903,5
882位,,ウィザード,ルルシリーズ,903,5
883位,,ウィザード,とったんT,903,5
884位,,ウィザード,未桜０３０５,903,5
885位,,ウィザード,ブランデッリ,903,5
886位,,ウィザード,支援ＷIZ,903,5
887位,,ウィザード,UVB76,903,5
888位,,ウィザード,Iggy愚者The_Fool,903,5
889位,,ウィザード,めたる見習い,903,5
890位,,ウィザード,魔道士ウルノーガ,903,5
891位,,ウィザード,waon＋,903,5
892位,,ウィザード,Barioth,903,5
893位,,ウィザード,♪ξセナξ♪,903,5
894位,,ウルフマン,西口支援協会,903,4
895位,,ウィザード,ハートにトマト,903,4
896位,,ウィザード,社畜日本代表,903,4
897位,,ウィザード,いい感じ,903,4
898位,,ウィザード,鼻眼鏡教授,903,4
899位,,ウィザード,風みどり,903,4
900位,,ウィザード,Ｗolfram,903,4
901位,,ウィザード,クイファ,903,4
902位,,ウィザード,まめウィズ,903,4
903位,,ウィザード,このすば,903,4
904位,,ウィザード,支援カ〜マ☆彡,903,4
905位,,ウィザード,papaton,903,4
906位,,ウルフマン,ぽちたん,903,3
907位,,ウルフマン,雪国poponga,903,3
908位,,ウィザード,ジキル博士,903,3
909位,,ウィザード,とぅりもん,903,3
910位,,ウィザード,狂気のたぬき,903,3
911位,,ウィザード,メディサ,903,3
912位,,ウルフマン,久遠の燈火,903,2
913位,,ウルフマン,かじるー,903,2
914位,,ウルフマン,リリリピート,903,1
915位,,ウィザード,Elenie,903,1
916位,,ウィザード,tetsux,903,0
917位,,ウィザード,Drusus,903,0
918位,,ウルフマン,如月玄狼,902,5
919位,,ウィザード,天然やきそば,902,5
920位,,ウィザード,紅花詰草,902,5
921位,,ウィザード,クマネコ,902,5
922位,,ウィザード,ﾄｰﾏｽ・ｸﾙﾂ,902,5
923位,,ウィザード,３本毛のオバＱ,902,5
924位,,ウィザード,ＢOφWY,902,5
925位,,ウィザード,☆トモは魔女☆,902,5
926位,,ウィザード,超魔王ﾅｵ･ヴラド,902,5
927位,,ウィザード,べりおさん,902,5
928位,,ウィザード,水鏡凍季也,902,5
929位,,ウィザード,GoldWizard,902,5
930位,,ウィザード,銀冠の魔術師,902,5
931位,,ウィザード,でぃざすたー,902,5
932位,,ウィザード,スタートトゥディ,902,5
933位,,ウィザード,oセレナードo,902,5
934位,,ウィザード,神or悪魔or沢井,902,5
935位,,ウィザード,スリー７７７,902,4
936位,,ウィザード,ウィザード009,902,4
937位,,ウィザード,大魔導士アサ,902,4
938位,,ウィザード,親父ですが？,902,4
939位,,ウィザード,おウィさん,902,4
940位,,ウィザード,siroiro2,902,4
941位,,ウィザード,†契約†,902,4
942位,,ウィザード,‡‡CELICA‡‡,902,4
943位,,ウィザード,ドクターアダムス,902,4
944位,,ウィザード,ヴァイクス,902,4
945位,,ウィザード,ｌoy,902,4
946位,,ウルフマン,ΦランドルΦ,902,3
947位,,ウィザード,☆ヘコミン☆,902,3
948位,,ウィザード,bogey☆,902,3
949位,,ウィザード,カラフリ,902,3
950位,,ウィザード,アウターヘヴン,902,3
951位,,ウルフマン,猛符,902,2
952位,,ウィザード,ゴアグラインド,902,1
953位,,ウィザード,鮨ﾀﾞｲﾆﾝｸﾞ_ゆらり,902,1
954位,,ウィザード,グレントーン,902,0
955位,,ウィザード,桃杖,902,0
956位,,ウィザード,ﾒｲｼﾞｰ・ﾌﾞﾗﾝｼｪｯﾄ,902,0
957位,,ウルフマン,ぐれ犬ちゃん,901,5
958位,,ウルフマン,デウロフェウ,901,5
959位,,ウィザード,aoiRei,901,5
960位,,ウィザード,nationai,901,5
961位,,ウィザード,＠ちきまよ,901,5
962位,,ウィザード,元慶,901,5
963位,,ウィザード,スーパーエイジャ,901,5
964位,,ウィザード,しろぎ,901,5
965位,,ウィザード,４円？,901,5
966位,,ウィザード,スーパーSe,901,5
967位,,ウィザード,T−950,901,5
968位,,ウィザード,キュアξ,901,5
969位,,ウィザード,∬鈴∬,901,5
970位,,ウィザード,WINCHES,901,5
971位,,ウィザード,20200425,901,5
972位,,ウィザード,д勇者д,901,5
973位,,ウィザード,レルティア,901,5
974位,,ウィザード,徳井丈,901,5
975位,,ウィザード,猫まっしぐら！,901,5
976位,,ウィザード,ｖ＾＿＾ｖ４,901,5
977位,,ウィザード,Humpty＊,901,5
978位,,ウィザード,Holynight,901,5
979位,,ウィザード,放火後ﾃｨｰﾀｲﾑ,901,5
980位,,ウルフマン,ばーまん,901,4
981位,,ウルフマン,ガルラ・S,901,4
982位,,ウィザード,‡バルセロナ‡,901,4
983位,,ウィザード,Full_Spec,901,4
984位,,ウィザード,ﾉｰﾌﾞﾚｽｵﾌﾞﾘｰｼﾞｭ,901,4
985位,,ウィザード,至高の人,901,4
986位,,ウィザード,umex,901,4
987位,,ウィザード,curulu♪,901,4
988位,,ウィザード,ぱらだいす,901,4
989位,,ウィザード,ChinRyo,901,4
990位,,ウィザード,聖福,901,4
991位,,ウィザード,〃武龍〃,901,3
992位,,ウルフマン,味どうらくの里,901,2
993位,,ウィザード,ぽこみがふかい,901,2
994位,,ウィザード,魔導士ペアグ,901,2
995位,,ウィザード,止鷹金,901,2
996位,,ウィザード,鬼灯”,901,1
997位,,ウィザード,諸葛亮．,901,1
998位,,ウィザード,ニンニクの芽22,901,1
999位,,ウルフマン,か〜まちゃ犬,901,0
