1位,,悪魔,●●●●●●,1001,5
2位,,悪魔,ベルフェゴール,1001,5
3位,,悪魔,ドロ・レイニス,1001,5
4位,,悪魔,おまめ,1001,5
5位,,悪魔,オールグリーン,1001,5
6位,,悪魔,露店ちゃん♪,1001,5
7位,,悪魔,黒魔つえー,1001,5
8位,,悪魔,女郎しゃちょー,1001,5
9位,,悪魔,ガミガミ教召喚魔,1001,5
10位,,悪魔,餃子悪,1001,5
11位,,悪魔,綾鷹MAX,1001,5
12位,,悪魔,ゆら猫,1001,5
13位,,悪魔,おれおとあぽろ,1001,5
14位,,悪魔,☆鳩山由紀夫☆,1001,5
15位,,悪魔,設定１,1001,5
16位,,悪魔,れぃん,1001,5
17位,,悪魔,Enrich,1001,5
18位,,悪魔,かさご,1001,5
19位,,悪魔,さりんちゃん,1001,5
20位,,ネクロマンサー,呪怨のつよみん,1001,5
21位,,ネクロマンサー,ﾃﾞﾓﾝｽﾞｼﾝｸﾛﾝ,1001,5
22位,,ネクロマンサー,でびでび・でびる,1001,5
23位,,悪魔,Croire_Nealsen,1000,5
24位,,悪魔,亜季,1000,5
25位,,悪魔,あくまめめめ,1000,5
26位,,悪魔,クロコノスケ,1000,5
27位,,悪魔,ヌルカ,1000,5
28位,,悪魔,いぬしげ,1000,5
29位,,悪魔,櫻田ファミリア,1000,5
30位,,悪魔,真ﾉ悪魔(ｵﾄｺ）,1000,5
31位,,悪魔,スイル,1000,5
32位,,悪魔,♪つんでび♪,1000,5
33位,,悪魔,あくまでも悪魔,1000,5
34位,,悪魔,stax,1000,5
35位,,悪魔,Luvric,1000,5
36位,,悪魔,エストリエ,1000,5
37位,,悪魔,ﾁｮｲ悪悪魔ﾌｼﾞｰﾗﾓ2,1000,5
38位,,悪魔,伏姫,1000,5
39位,,悪魔,suichopass88,1000,5
40位,,ネクロマンサー,めがみん,1000,5
41位,,ネクロマンサー,佐々木部ぶぶか,1000,5
42位,,ネクロマンサー,ｽﾀｲﾙｽﾞｸﾗｯｼｭ,1000,5
43位,,ネクロマンサー,knnn,1000,3
44位,,悪魔,レクイエム,999,5
45位,,悪魔,Daifuku,998,5
46位,,悪魔,ジャグラー中毒者,994,5
47位,,悪魔,ユズキ,992,5
48位,,悪魔,シュガー,988,5
49位,,悪魔,haro,988,5
50位,,悪魔,遊びの誘惑,984,5
51位,,ネクロマンサー,Yaya_Craft,983,5
52位,,悪魔,道満,982,5
53位,,悪魔,すごいやる子,981,5
54位,,悪魔,池田,980,5
55位,,ネクロマンサー,あばぶん,978,5
56位,,悪魔,セックスむらい,977,5
57位,,悪魔,Camora,974,5
58位,,悪魔,赤い炊飯のジャー,974,5
59位,,悪魔,メタルスライム,970,5
60位,,悪魔,アシエン,964,5
61位,,ネクロマンサー,リン猫,963,5
62位,,悪魔,しるびー,962,5
63位,,悪魔,lntelliMacho,957,5
64位,,悪魔,毒々しい,954,5
65位,,悪魔,しぐさん,954,5
66位,,悪魔,チャーミング王女,951,5
67位,,悪魔,リセネア,950,5
68位,,悪魔,totorossa,950,5
69位,,悪魔,ゴッツ,949,5
70位,,悪魔,崇丸,948,5
71位,,ネクロマンサー,ダリウス,948,5
72位,,悪魔,パックマン,946,5
73位,,悪魔,黒の胡麻塩,945,5
74位,,悪魔,ぷれしゃす,944,5
75位,,悪魔,ぱーちん,943,5
76位,,悪魔,Luserina,943,5
77位,,悪魔,ルーク,941,5
78位,,悪魔,いそ魔人Ge,941,5
79位,,悪魔,ぱけぱけ,940,5
80位,,悪魔,じゃいろ,940,5
81位,,悪魔,べーやん,940,5
82位,,悪魔,〇んぽ,940,5
83位,,悪魔,†漆黒の悪魔†,939,5
84位,,ネクロマンサー,ハヤブサ,939,5
85位,,悪魔,Dane,938,5
86位,,悪魔,ねっくん,938,5
87位,,悪魔,moko☆,937,5
88位,,ネクロマンサー,。○花雲○。,937,5
89位,,悪魔,藤鷹虎竜,936,5
90位,,悪魔,あらくの,935,5
91位,,悪魔,・ロイヤル・,934,5
92位,,悪魔,小悪魔ロイ,934,5
93位,,悪魔,∬ARES∬,933,5
94位,,悪魔,煌嶺,932,5
95位,,悪魔,コンドーケバヤシ,932,5
96位,,ネクロマンサー,鼬娘,932,5
97位,,悪魔,不安,932,2
98位,,悪魔,わんぷ,931,5
99位,,悪魔,ぽよろ,930,5
100位,,悪魔,QQ［prefrog］,929,5
101位,,悪魔,DMCG,928,5
102位,,悪魔,SCP_710_JP,928,5
103位,,悪魔,ポンポコ,928,5
104位,,悪魔,天＿闇,928,5
105位,,ネクロマンサー,おまめぇ,928,5
106位,,悪魔,北川景子,927,5
107位,,悪魔,のよやん,927,5
108位,,悪魔,肉の悪魔将軍,927,5
109位,,ネクロマンサー,ネク郎,927,2
110位,,悪魔,どしがたい,926,5
111位,,悪魔,Minalye,926,5
112位,,ネクロマンサー,悪魔チカ,926,5
113位,,悪魔,RS～仁華瑠奈,926,4
114位,,悪魔,Micorine,925,5
115位,,悪魔,Kugel407,925,5
116位,,悪魔,ぽいずんぱにっく,925,5
117位,,悪魔,冷麺大好き丸,925,5
118位,,悪魔,まりもっくるA,924,5
119位,,悪魔,みこすりはん,924,5
120位,,悪魔,Lucifar☆Seika,924,5
121位,,悪魔,リアス,923,5
122位,,悪魔,かりん,923,5
123位,,悪魔,ねくろ舟,923,2
124位,,悪魔,NULL,922,5
125位,,悪魔,Zucker01,922,5
126位,,悪魔,LoｖёZhy,922,5
127位,,悪魔,ふわふわふわり,922,4
128位,,悪魔,テミス＠悪魔,921,5
129位,,ネクロマンサー,瓦城千咒,921,5
130位,,悪魔,くろらべる,920,5
131位,,悪魔,金色のワイケー⊿,920,5
132位,,悪魔,楊端和,920,5
133位,,悪魔,シンデレラボーイ,920,4
134位,,悪魔,ぴよくま,920,0
135位,,悪魔,ユーリ,919,5
136位,,悪魔,時雨,919,5
137位,,悪魔,黒毒,919,5
138位,,悪魔,TGIFT,919,0
139位,,悪魔,凱乂,918,5
140位,,悪魔,ちゃこたりあん,918,5
141位,,悪魔,シェラハ,918,5
142位,,悪魔,かぴ一世,918,5
143位,,悪魔,まかろん,918,5
144位,,悪魔,亜熊,918,5
145位,,ネクロマンサー,暁の護衛,918,5
146位,,悪魔,ナカッタデココ,917,5
147位,,悪魔,toyoco,917,5
148位,,悪魔,ころなちゃん,917,0
149位,,悪魔,朱色,916,5
150位,,悪魔,螺旋,916,0
151位,,ネクロマンサー,パイの実,916,0
152位,,悪魔,雲蒸竜変,915,5
153位,,悪魔,こちょじゃん,915,5
154位,,悪魔,ふぇにっち,915,5
155位,,悪魔,mumumu,915,5
156位,,悪魔,クースケ,915,5
157位,,悪魔,ロイヤルプリン,915,0
158位,,悪魔,皆様方～？,914,5
159位,,悪魔,あるぶら,914,5
160位,,悪魔,Hypotension_DEV,914,5
161位,,悪魔,御暇A,914,5
162位,,悪魔,ジェントルー,914,5
163位,,悪魔,お尻はやめて,914,5
164位,,悪魔,ﾁｮｲ悪悪魔ﾌｼﾞｰﾗﾓ,914,5
165位,,ネクロマンサー,猫燐丸,914,1
166位,,悪魔,お〇ん〇ん,914,0
167位,,悪魔,エストッリエ,913,5
168位,,悪魔,ﾀｺ野内豊,913,5
169位,,ネクロマンサー,Alice・Nacha,913,5
170位,,ネクロマンサー,Rin太郎,913,5
171位,,悪魔,ちぴたん２８組,912,5
172位,,悪魔,あらく姐さん,912,5
173位,,悪魔,不重力心,912,5
174位,,悪魔,きんさーば,912,5
175位,,悪魔,＄HeartBreaker＄,912,5
176位,,悪魔,断罪の皇女,912,5
177位,,悪魔,わたがしきだ！,912,5
178位,,悪魔,ねっこん,912,4
179位,,悪魔,ツインテール,912,3
180位,,悪魔,悪ナナ,911,5
181位,,悪魔,アックマン,911,5
182位,,悪魔,ユーフェ,911,5
183位,,悪魔,147茸,911,5
184位,,悪魔,サラーサ,911,5
185位,,悪魔,POISON,911,5
186位,,ネクロマンサー,ねこ,911,2
187位,,悪魔,くろな,911,1
188位,,悪魔,本郷路美紗,910,5
189位,,悪魔,ほりぃ,910,5
190位,,悪魔,まお～,910,5
191位,,悪魔,セリーヌディアス,910,5
192位,,悪魔,14日の土曜日,910,5
193位,,ネクロマンサー,Andalusite,910,5
194位,,悪魔,Ｍｅｒｅｉ♪,910,4
195位,,悪魔,うなぎ,910,1
196位,,悪魔,GoldExWorld2022,910,0
197位,,悪魔,毒ゆう,909,5
198位,,悪魔,クナ,909,5
199位,,悪魔,魅凪,909,5
200位,,ネクロマンサー,プランB,909,5
201位,,ネクロマンサー,みぃ,909,5
202位,,悪魔,青ゆき,909,4
203位,,悪魔,涼君キンサバ,909,4
204位,,悪魔,小悪魔,909,2
205位,,悪魔,吟多蘭,909,0
206位,,悪魔,あっくマン,908,5
207位,,悪魔,ノクタリア,908,5
208位,,悪魔,フチカバール,908,5
209位,,悪魔,LSERN,908,5
210位,,悪魔,龍珠,908,5
211位,,悪魔,刹那,908,5
212位,,悪魔,ロイの影,908,5
213位,,悪魔,sskdf,908,4
214位,,悪魔,パピコ,908,3
215位,,悪魔,ぽるちん,908,1
216位,,悪魔,あたくま,908,0
217位,,悪魔,Brea,907,5
218位,,悪魔,ラフェスタ,907,5
219位,,悪魔,hinanon,907,5
220位,,悪魔,真紅の悪魔,907,5
221位,,悪魔,不死鳥のフランメ,907,5
222位,,悪魔,Baquero,907,5
223位,,ネクロマンサー,ＢＧ,907,5
224位,,悪魔,でび,907,4
225位,,悪魔,ヴェナム,907,0
226位,,悪魔,悪魔少女筋肉ん,906,5
227位,,悪魔,堂島アトリ,906,5
228位,,悪魔,コヨミ,906,5
229位,,悪魔,むぅ。,906,5
230位,,悪魔,nonDevil,906,5
231位,,ネクロマンサー,さのすけこちゃん,906,5
232位,,悪魔,麩菓子は空気,906,0
233位,,悪魔,悪〜悪,906,0
234位,,悪魔,エンプティー,905,5
235位,,悪魔,焔霞澄玲,905,5
236位,,悪魔,混沌,905,5
237位,,悪魔,クライ,905,5
238位,,悪魔,ちゅあめに,905,0
239位,,悪魔,キルケー,905,0
240位,,悪魔,☆チャン・ナラ☆,904,5
241位,,悪魔,婦女子,904,5
242位,,悪魔,みこん,904,5
243位,,悪魔,毒を撒きたいあば,904,5
244位,,悪魔,聖蹟桜ヶ丘駅,904,4
245位,,悪魔,きんにく,904,4
246位,,悪魔,小悪魔ホイ,904,0
247位,,悪魔,B鯖のﾎﾞﾗｷﾞﾉｰﾙ☆,903,5
248位,,悪魔,8YAN8,903,5
249位,,悪魔,radaokun,903,5
250位,,悪魔,夜月666,903,5
251位,,悪魔,oshiruko,903,5
252位,,悪魔,ぷに美,903,5
253位,,悪魔,沙羅双樹,903,4
254位,,悪魔,ヘル,903,0
255位,,悪魔,にわとり,903,0
256位,,悪魔,エリンギ,903,0
257位,,悪魔,デビルレデイ,902,5
258位,,悪魔,悪魔3,902,5
259位,,悪魔,NIKE,902,5
260位,,悪魔,ムチムチタコラ,902,5
261位,,悪魔,くまっくす,902,5
262位,,悪魔,手ピカジェル,902,5
263位,,ネクロマンサー,くーみぁ,902,5
264位,,悪魔,あくまさん,902,2
265位,,悪魔,ポイズンガス子,902,0
266位,,悪魔,もっちっち,901,5
267位,,悪魔,みど,901,5
268位,,悪魔,飯山香織DX,901,5
269位,,悪魔,JaGaR,901,5
270位,,悪魔,はないちもんめ,901,5
271位,,悪魔,Miiro_JP,901,5
272位,,悪魔,Ikudou,901,5
273位,,悪魔,永瀬ゆいum,901,5
274位,,悪魔,どらんぱ,901,5
275位,,悪魔,クソハムちゃん,901,5
276位,,悪魔,ねむたい,901,4
277位,,悪魔,らに,901,4
278位,,悪魔,Pのあれ,901,4
279位,,悪魔,もちまる,901,4
280位,,ネクロマンサー,饅頭,901,4
281位,,悪魔,ルッコ,901,3
282位,,悪魔,めだか,901,3
283位,,悪魔,しけまっど,901,2
284位,,悪魔,黒熊,901,0
285位,,悪魔,うすしお,900,5
286位,,悪魔,ちゃん☆ぽよ,900,5
287位,,悪魔,ユヅキ,900,5
288位,,悪魔,【オリヴィア】,900,5
289位,,悪魔,ぱーる,900,5
290位,,悪魔,ジルの知人,900,5
291位,,悪魔,ジェノ星,900,5
292位,,悪魔,スネーク,900,5
293位,,悪魔,イセリアクイーン,900,5
294位,,悪魔,♪詩音♪,900,5
295位,,悪魔,ごるくまー,900,5
296位,,ネクロマンサー,Ras_α,900,5
297位,,悪魔,Birako§,900,4
298位,,悪魔,彼岸花,900,4
299位,,ネクロマンサー,ヴェル【毒】,900,4
300位,,悪魔,ﾏｲｹﾙ・ｽｺﾌｨｰﾙﾄﾞ,900,3
301位,,悪魔,加藤はいね,900,3
302位,,悪魔,アミー,900,1
303位,,悪魔,REOLLITE,900,0
304位,,悪魔,ロザリン,900,0
305位,,悪魔,紫翠あやね,900,0
306位,,悪魔,たれちちのはは,900,0
307位,,悪魔,おっほほーい,900,0
308位,,悪魔,娘々,900,0
309位,,悪魔,ぷちぷちいくら,900,0
310位,,ネクロマンサー,リリム,900,0
311位,,悪魔,シャーク藤代,899,4
312位,,悪魔,ネネカ☆彡,899,4
313位,,悪魔,Byzantium,899,4
314位,,悪魔,文鳥のチーコ,899,2
315位,,悪魔,†午後の紅茶†,899,1
316位,,悪魔,IgneNatura,899,0
317位,,悪魔,YPT！,899,0
318位,,悪魔,夜の踊り子,899,0
319位,,悪魔,てけとうさん,899,0
320位,,悪魔,MMet,899,0
321位,,悪魔,garia,898,4
322位,,悪魔,さめ肌,898,4
323位,,悪魔,○SARU○,898,4
324位,,悪魔,マママンサー,898,4
325位,,悪魔,でいじー様,898,4
326位,,ネクロマンサー,陰謀の影,898,4
327位,,悪魔,ゲロ,898,3
328位,,悪魔,D_Replekia,898,2
329位,,悪魔,ぶるじょあver2,898,1
330位,,悪魔,お塩,898,0
331位,,悪魔,おならさん,898,0
332位,,悪魔,毒々悪魔,898,0
333位,,悪魔,じばさん,898,0
334位,,悪魔,きゃらめるぷりん,898,0
335位,,悪魔,契約吐かない,898,0
336位,,悪魔,感謝しますっ,898,0
337位,,悪魔,panpan,898,0
338位,,悪魔,近衛歌恋,897,4
339位,,悪魔,焼きそば（醤油）,897,4
340位,,悪魔,マレーネ,897,4
341位,,悪魔,麗艶,897,4
342位,,悪魔,美樹子,897,4
343位,,悪魔,突撃ポテト,897,4
344位,,悪魔,覇王,897,1
345位,,悪魔,美柑魔,897,0
346位,,悪魔,私達の佐賀だから,897,0
347位,,悪魔,Apple☆butter,897,0
348位,,悪魔,lixil,897,0
349位,,悪魔,エコー００１,897,0
350位,,ネクロマンサー,永・凹・阿阿瑠。,897,0
351位,,悪魔,プリッツ,896,4
352位,,悪魔,ひぶりぞ,896,4
353位,,悪魔,ギィ,896,4
354位,,悪魔,ダダダダ天使,896,4
355位,,悪魔,猛毒のマリー,896,3
356位,,悪魔,さどんです,896,1
357位,,悪魔,瑠璃凪,896,0
358位,,悪魔,shia,896,0
359位,,悪魔,黒衣椎名,896,0
360位,,悪魔,ぬまとん,896,0
361位,,悪魔,毒をんな,896,0
362位,,悪魔,悪ちゃん,895,4
363位,,悪魔,もぴ,895,4
364位,,悪魔,サロメイト①,895,4
365位,,悪魔,くろまどうし,895,1
366位,,ネクロマンサー,kurokuro,895,1
367位,,悪魔,kin102,895,0
368位,,悪魔,ﾍﾟﾙｾﾎﾟﾈ,895,0
369位,,悪魔,SR板橋鬼鰯ハウス,895,0
370位,,悪魔,イザベル☆ギース,895,0
371位,,悪魔,悪魔であくま,895,0
372位,,悪魔,生娘シャブ漬け,895,0
373位,,悪魔,ヘビスモ,895,0
374位,,悪魔,♪頭蓋骨♪,895,0
375位,,悪魔,ゼル・エル,895,0
376位,,ネクロマンサー,bskのぺしこーん,895,0
377位,,ネクロマンサー,タリナイココロ,894,4
378位,,悪魔,ルイヴィトン,894,3
379位,,悪魔,ネクリン,894,3
380位,,悪魔,Maxx’G’,894,3
381位,,ネクロマンサー,cloe,894,3
382位,,悪魔,ぷにきゅま,894,0
383位,,悪魔,хорошо,894,0
384位,,悪魔,白玉団子,894,0
385位,,ネクロマンサー,黒雪,894,0
386位,,悪魔,露店販売員＠,893,4
387位,,悪魔,悪魔サラダ,893,4
388位,,悪魔,きむすけ,893,4
389位,,悪魔,ぶらんくにねん,893,4
390位,,悪魔,抗体,893,4
391位,,悪魔,よろ,893,0
392位,,悪魔,ベジタベ,893,0
393位,,悪魔,Marked,893,0
394位,,悪魔,金デビル,893,0
395位,,悪魔,LRON,893,0
396位,,悪魔,クエッ,892,4
397位,,悪魔,ドガース,892,4
398位,,悪魔,シャイターン,892,4
399位,,悪魔,ジージ悪魔,892,4
400位,,悪魔,悪魔ルイ,892,4
401位,,悪魔,ファミちゃん,892,4
402位,,悪魔,蟻の門渡り,892,4
403位,,悪魔,毒doku悪魔,892,4
404位,,悪魔,ゴズくん,892,3
405位,,悪魔,voruku,892,3
406位,,悪魔,魔王ぷりん,892,1
407位,,悪魔,Airan,892,0
408位,,悪魔,ねくろまんさん,892,0
409位,,悪魔,すっきり飴,892,0
410位,,悪魔,ひー,892,0
411位,,悪魔,ディアブロ2022,891,4
412位,,悪魔,稟黒の戟動,891,4
413位,,悪魔,arccos05,891,4
414位,,ネクロマンサー,なりりん,891,4
415位,,悪魔,えるもあ,891,0
416位,,悪魔,φ惡φ,891,0
417位,,悪魔,悪魔さんドリーム,891,0
418位,,悪魔,えるくん,891,0
419位,,悪魔,あくまん,891,0
420位,,悪魔,甘柚,891,0
421位,,ネクロマンサー,金鯖に生まれて,891,0
422位,,悪魔,Lamb,890,4
423位,,悪魔,デイジー,890,1
424位,,悪魔,あくまくん,889,4
425位,,悪魔,アスモデウス,889,3
426位,,悪魔,藍沢,889,0
427位,,悪魔,うへへ,889,0
428位,,悪魔,かめむしの下僕,889,0
429位,,ネクロマンサー,ぱいせん,889,0
430位,,ネクロマンサー,不景気,889,0
431位,,悪魔,りょう△,888,4
432位,,悪魔,レナシル,888,3
433位,,悪魔,С嬢,888,3
434位,,悪魔,bgntyumi,888,2
435位,,悪魔,ベリ,888,1
436位,,悪魔,Necrosis,888,0
437位,,悪魔,ひらがなあくま,888,0
438位,,悪魔,ちゃいこん,888,0
439位,,悪魔,∮cocoro∮,887,4
440位,,悪魔,スヴェーリエ,887,4
441位,,悪魔,玉子かけご飯,887,3
442位,,悪魔,かきふらい,887,3
443位,,悪魔,メンフクロウ,887,0
444位,,悪魔,ぐりふぉむ,887,0
445位,,悪魔,しししのしーた,886,4
446位,,悪魔,深みの昆布醤油,886,4
447位,,悪魔,ぶたさん,886,4
448位,,悪魔,ひまつぶし,886,3
449位,,悪魔,えるーしゃ,886,3
450位,,悪魔,ペロリスト,886,2
451位,,ネクロマンサー,布子乃,886,1
452位,,悪魔,ノンフロン♪,886,0
453位,,悪魔,satanice,885,4
454位,,悪魔,ﾈｺﾊﾟﾝﾁ昇龍拳,885,0
455位,,悪魔,鴉羽,885,0
456位,,悪魔,ワッカさん,885,0
457位,,悪魔,CM悪魔マジカル,884,3
458位,,悪魔,まいける,883,3
459位,,悪魔,つつじ荘,883,1
460位,,悪魔,digestive,883,0
461位,,悪魔,漆黒の胎動,882,4
462位,,悪魔,かいすい女王,882,0
463位,,悪魔,対角線の人,882,0
464位,,悪魔,あくまちゃん,881,3
465位,,悪魔,モササウルス,881,0
466位,,悪魔,公のハム,880,4
467位,,悪魔,ふわむ,880,4
468位,,悪魔,ハラミ,880,3
469位,,悪魔,らんちゃん,880,2
470位,,悪魔,茶禅一味,880,0
471位,,悪魔,らーか・いふぇ,880,0
472位,,悪魔,rioko,879,4
473位,,悪魔,PARM♪,879,3
474位,,悪魔,ココナッツオイル,879,0
475位,,悪魔,†シュガー†,879,0
476位,,悪魔,とんがらし,879,0
477位,,悪魔,UlonMusk,879,0
478位,,悪魔,夏野菜チャーハン,879,0
479位,,悪魔,φﾃﾞﾋﾞﾃﾞﾋﾞφ,879,0
480位,,悪魔,☆アーニャ☆,879,0
481位,,悪魔,バイアクヘー,878,1
482位,,悪魔,かぐや,878,0
483位,,悪魔,ハートにトマト☆,877,3
484位,,悪魔,ﾃｭﾐｬﾆﾆｬﾀｱﾔﾝﾁｮｽ,877,3
485位,,悪魔,いんぼーちゃあん,877,1
486位,,悪魔,みゃ,877,0
487位,,悪魔,沙貴魔,877,0
488位,,悪魔,がりゅぽんぽん,877,0
489位,,悪魔,あくまであくま,877,0
490位,,悪魔,GOMYWAY,876,4
491位,,悪魔,ファンタズネクロ,876,2
492位,,悪魔,彩白馬,876,0
493位,,悪魔,ﾙｰﾅ･ｳﾞｨｵﾚｯﾄ,876,0
494位,,悪魔,ψみなとψⅢ,876,0
495位,,悪魔,液体窒素,875,4
496位,,悪魔,きんきら負け組,875,3
497位,,悪魔,ぺいぺい,875,2
498位,,ネクロマンサー,ねくろたり,875,0
499位,,悪魔,るか,874,4
500位,,悪魔,メフィスヘーレス,874,4
501位,,悪魔,Bonchan,874,3
502位,,悪魔,縋世マキ,874,0
503位,,悪魔,めるく,874,0
504位,,悪魔,felno,874,0
505位,,悪魔,§Glare§,874,0
506位,,悪魔,ひろなす,874,0
507位,,悪魔,エルティアナ,873,0
508位,,ネクロマンサー,強めでお願い,873,0
509位,,悪魔,へへヘ,872,4
510位,,悪魔,nyoha,872,0
511位,,悪魔,不正受給者,872,0
512位,,悪魔,違法ロリ,871,4
513位,,悪魔,汁淫女,871,3
514位,,悪魔,魔っ黒らべる,871,0
515位,,悪魔,更年期,871,0
516位,,悪魔,赤ウインナー,870,3
517位,,悪魔,ラストネグロ,870,0
518位,,ネクロマンサー,どんぶりっ♪♪♪,870,0
519位,,悪魔,なっちまん,869,0
520位,,悪魔,ナカの上の男尻州,869,0
521位,,悪魔,邪神ちゃんX,868,4
522位,,悪魔,ﾊｹﾞﾏﾝ,868,3
523位,,悪魔,☆RIKO☆,866,4
524位,,悪魔,Hanachan,866,4
525位,,悪魔,黄昏,866,0
526位,,悪魔,バルロッグの指,866,0
527位,,悪魔,とぅんとぅん,865,1
528位,,悪魔,ネバギ,865,0
529位,,悪魔,肛門活躍筋,865,0
530位,,悪魔,モヘア,864,0
531位,,悪魔,天乃影子,864,0
532位,,悪魔,§DarkestNight§,862,4
533位,,悪魔,oGANDERo,861,4
534位,,悪魔,M＆M,860,0
535位,,悪魔,壱百満天原サロメ,859,0
536位,,悪魔,キュロス,858,0
537位,,悪魔,ASOBIMO,858,0
538位,,悪魔,どくまる,857,0
539位,,悪魔,むぎまめ,856,1
540位,,悪魔,Ultraviolet,856,1
541位,,悪魔,お尻ばっちこい,856,0
542位,,悪魔,夜蝶,856,0
543位,,悪魔,Derke,855,4
544位,,悪魔,Duplantis,855,3
545位,,悪魔,yosumo,854,4
546位,,悪魔,でゅお魔,854,4
547位,,悪魔,ねのむ,854,3
548位,,悪魔,セロン,854,0
549位,,悪魔,ぶちねこ,853,1
550位,,悪魔,poizun,852,1
551位,,悪魔,kohakin,852,1
552位,,悪魔,しるま,852,0
553位,,悪魔,φなごみφ,851,4
554位,,悪魔,えきどな,851,0
555位,,悪魔,デスアタラクシア,848,0
556位,,悪魔,じゃが丸君,848,0
557位,,悪魔,熱い縛り,847,3
558位,,悪魔,もいもいさん,847,0
559位,,悪魔,≪ロイヤル≫,846,0
560位,,悪魔,燐華,845,3
561位,,悪魔,牛骨ベース,844,4
562位,,悪魔,ティアラ艶,843,3
563位,,悪魔,☆えーちゃ☆彡,843,0
564位,,ネクロマンサー,うすたーそーすEx,842,0
565位,,悪魔,♪くるみん♪,841,4
566位,,悪魔,ずいうん,841,4
567位,,悪魔,垂れ乳係,841,0
568位,,悪魔,小悪魔ギャル,841,0
569位,,悪魔,魔姫夢,840,4
570位,,悪魔,紫ノ鏡,838,0
571位,,悪魔,もい鳥,837,4
572位,,悪魔,ⅹβ龍彌βⅹ,837,2
573位,,悪魔,レトロ,836,1
574位,,悪魔,ｱｿｻﾝﾎﾞﾙｹｲﾉ,834,0
575位,,悪魔,つばまるⅡ,834,0
576位,,悪魔,あくまもち,832,0
577位,,悪魔,ムリだな,832,0
578位,,悪魔,フェンディ☆,831,1
579位,,悪魔,たいぎぃ,830,4
580位,,ネクロマンサー,ネクロzin,830,2
581位,,悪魔,teote,830,0
582位,,悪魔,マタドガス,829,4
583位,,悪魔,ナッツ,829,1
584位,,悪魔,深田えいみ,829,0
585位,,悪魔,エリシアン,827,1
586位,,悪魔,女王様と御呼び,826,0
587位,,悪魔,尻を出せ！,825,0
588位,,悪魔,ωLilimω,820,4
589位,,悪魔,唐沢,820,0
590位,,悪魔,無砂糖,819,3
591位,,悪魔,モルルン,817,0
592位,,悪魔,07181700,816,4
593位,,悪魔,あくまたん,816,1
594位,,悪魔,Singed,816,1
595位,,悪魔,にじいろ,816,0
596位,,悪魔,性悪悪魔,815,0
597位,,悪魔,Kalba,812,0
598位,,悪魔,Radiiiii,812,0
599位,,悪魔,－－－－－,812,0
600位,,悪魔,ブラッドヘル,810,0
601位,,悪魔,ヂゼルピナ,809,0
602位,,悪魔,differ,809,0
603位,,悪魔,糖質０,808,0
604位,,ネクロマンサー,プーチン,808,0
605位,,悪魔,megupon,807,3
606位,,ネクロマンサー,ねくぼー,806,0
607位,,悪魔,しいたけさん,805,4
608位,,悪魔,高速点滅,805,0
609位,,悪魔,リパン,804,3
610位,,ネクロマンサー,労働監督署A,803,0
611位,,ネクロマンサー,奴隷12,802,0
612位,,悪魔,☆イルミ☆,801,4
613位,,悪魔,人生終了マン,801,0
614位,,悪魔,くま２,801,0
615位,,悪魔,メラメラ点滅,801,0
616位,,ネクロマンサー,奴隷10,801,0
617位,,悪魔,毒撒きます。,800,3
618位,,ネクロマンサー,んほほ,800,2
619位,,悪魔,24000,800,1
620位,,悪魔,M＆N,800,0
621位,,悪魔,ひれかつ,800,0
622位,,ネクロマンサー,ダークネクロス,800,0
623位,,悪魔,呪詛の黒曜石,794,4
624位,,悪魔,♪ちるりん♪,794,2
625位,,悪魔,桜小路ルナ,793,1
626位,,悪魔,悪魔たん,793,0
627位,,悪魔,ベル∂,792,0
628位,,悪魔,あくまでネクロ,790,0
629位,,悪魔,乳酸菌,789,0
630位,,悪魔,悪魔の弟子,788,0
631位,,ネクロマンサー,ゆきを,788,0
632位,,悪魔,ぷりきゅあ,785,3
633位,,悪魔,Apex_悪,785,0
634位,,悪魔,モネ嬢,783,3
635位,,悪魔,Jeep,782,0
636位,,悪魔,ずはさん,780,0
637位,,悪魔,ENOMO,778,0
638位,,ネクロマンサー,ネクロン紳士会長,777,2
639位,,悪魔,ゆず爺や＠悪魔,774,0
640位,,悪魔,ホップ,774,0
641位,,悪魔,死霊あんちゃ,772,0
642位,,悪魔,littlerookyJOJO,771,0
643位,,悪魔,Elegy,770,1
644位,,悪魔,∬し〜ちゃん∬,769,4
645位,,悪魔,オペレーター,768,1
646位,,悪魔,0851,768,0
647位,,悪魔,†lynus†,767,1
648位,,悪魔,らぶりーばーにん,767,0
649位,,悪魔,きなすけ,766,3
650位,,悪魔,小悪魔pooh,766,0
651位,,悪魔,misanthrope,765,0
652位,,悪魔,3size,764,0
653位,,悪魔,１ごう,764,0
654位,,悪魔,あぶりや,761,0
655位,,悪魔,akumar,760,0
656位,,悪魔,どう？,757,0
657位,,悪魔,strongnik,757,0
658位,,悪魔,しゅとりあ,756,0
659位,,悪魔,悪☆魔,755,2
660位,,ネクロマンサー,ア・タ・シ,755,0
661位,,悪魔,ｼﾞｪﾗｰﾄﾞ,754,0
662位,,悪魔,毒吐くがーしー,754,0
663位,,悪魔,夜叉魔,752,0
664位,,悪魔,あでぃだす,751,0
665位,,ネクロマンサー,1亀にこい,751,0
666位,,悪魔,アークマ,748,0
667位,,悪魔,雪妬,746,0
668位,,悪魔,じょりぱ,745,0
669位,,悪魔,123465,745,0
670位,,悪魔,深痕,743,3
671位,,悪魔,デトックス,741,0
672位,,悪魔,悪魔ちょみ,739,2
673位,,悪魔,GAFA,738,3
674位,,悪魔,ヘルイン,738,1
675位,,悪魔,元気なﾊﾟｹｪ,738,0
676位,,悪魔,小顔ちゃん,736,0
677位,,ネクロマンサー,気持ち良すぎだろ,736,0
678位,,悪魔,するめ♀,735,4
679位,,悪魔,なおゆう,732,0
680位,,悪魔,クロノトリガー,732,0
681位,,ネクロマンサー,ＰＢＤ,731,2
682位,,悪魔,ライリー,731,1
683位,,悪魔,65654,731,0
684位,,ネクロマンサー,Bonboy,731,0
685位,,悪魔,ねる。,730,4
686位,,悪魔,イーヴル,730,2
687位,,悪魔,ソイソース,729,0
688位,,悪魔,メメタｧ,728,0
689位,,悪魔,二三八,726,2
690位,,ネクロマンサー,2022マン,726,0
691位,,悪魔,yukimaru,719,0
692位,,悪魔,儚音,717,0
693位,,悪魔,レインメ−カ−,716,4
694位,,ネクロマンサー,RS_Dessin,715,0
695位,,悪魔,ラトロキシン,713,3
696位,,ネクロマンサー,meйga,713,0
697位,,悪魔,ωデビルω,712,0
698位,,悪魔,Cooの悪魔,712,0
699位,,悪魔,あくままる,710,0
700位,,悪魔,恒河沙,709,2
701位,,悪魔,たかきち,709,0
702位,,悪魔,はらぐろあくま,708,2
703位,,悪魔,office_glico,708,1
704位,,悪魔,毒魔でＧＯ,707,1
705位,,悪魔,ゴリゴリパイン,706,0
706位,,悪魔,ヤニキ,706,0
707位,,悪魔,inori_Spiral,705,2
708位,,悪魔,tres,705,0
709位,,悪魔,悪竹城,705,0
710位,,悪魔,コロナちゃん,704,0
711位,,ネクロマンサー,八十億劫供養せし,703,0
712位,,ネクロマンサー,月影しずく,703,0
713位,,悪魔,虹色舞龍,702,0
714位,,悪魔,ゆうじろ,701,0
715位,,悪魔,一般通過悪魔B,701,0
716位,,悪魔,毒デビルぷっち,701,0
717位,,悪魔,ゆこあたっく,700,0
718位,,悪魔,ｽﾏｰﾄﾌｧﾙｺﾝ,700,0
719位,,悪魔,鋼ノ城初號機,699,1
720位,,悪魔,月城檸檬,698,4
721位,,悪魔,ヴェノム,697,0
722位,,悪魔,熱波,697,0
723位,,悪魔,アクま,696,3
724位,,悪魔,百秋さま,695,0
725位,,悪魔,旅館の女将白平,694,0
726位,,悪魔,毒系ふぐち,694,0
727位,,悪魔,祐玖,693,0
728位,,悪魔,オリーヴ,692,4
729位,,ネクロマンサー,ハバネロ,692,4
730位,,悪魔,だらしねぇな,692,0
731位,,悪魔,poco,691,1
732位,,悪魔,歌のお姉ちゃん,691,0
733位,,悪魔,目指せS嬢！,690,2
734位,,悪魔,ぴえーる,689,0
735位,,悪魔,Makima,685,0
736位,,悪魔,にらキャット,684,0
737位,,悪魔,ゆゆっゆ,683,1
738位,,悪魔,ベリアル,683,1
739位,,悪魔,常陸牛,683,0
740位,,悪魔,杏蛍,683,0
741位,,ネクロマンサー,ネクロマンサー,683,0
742位,,悪魔,ベネノ,682,3
743位,,悪魔,レクルース,682,0
744位,,悪魔,めめ子,682,0
745位,,悪魔,毒ロック,681,0
746位,,悪魔,BlackBox,677,3
747位,,悪魔,雨宮優子,677,1
748位,,悪魔,♪闇烏♪,675,1
749位,,悪魔,ドラウプニル,675,0
750位,,悪魔,北川,675,0
751位,,悪魔,エウリュアレー,675,0
752位,,悪魔,アデサニヤ,674,4
753位,,悪魔,かりめろ,674,0
754位,,悪魔,Kisk,673,0
755位,,悪魔,悪魔のNERV,673,0
756位,,悪魔,qwe1,673,0
757位,,悪魔,あずうる02,672,0
758位,,悪魔,ポイズン,671,4
759位,,悪魔,こさんじさん,671,0
760位,,悪魔,ξVioletξ,669,3
761位,,悪魔,あかかわ,669,0
762位,,悪魔,ルナーリア,668,2
763位,,ネクロマンサー,ネクロフェイク,668,0
764位,,悪魔,タマネギ,667,0
765位,,悪魔,ネクロ,666,0
766位,,悪魔,じょんどれれ,665,4
767位,,悪魔,紅騎,665,3
768位,,悪魔,デビルわゆん,665,0
769位,,悪魔,ディオルディア,664,1
770位,,悪魔,J・J,664,1
771位,,悪魔,§ピクミン7§,664,0
772位,,悪魔,せるてーと,664,0
773位,,悪魔,λkumaλ,663,3
774位,,悪魔,おか魔,662,4
775位,,悪魔,ケセランパセラン,662,0
776位,,悪魔,テレスティア,661,0
777位,,悪魔,☆星☆,661,0
778位,,悪魔,MARO,660,3
779位,,悪魔,L3ss_maru,660,1
780位,,ネクロマンサー,月影,660,1
781位,,悪魔,†闇†,659,3
782位,,悪魔,おはようの人,659,0
783位,,悪魔,gasuoba,658,0
784位,,悪魔,Runoa,657,1
785位,,悪魔,RGアクマ,656,0
786位,,悪魔,NaoMega,656,0
787位,,悪魔,えりそん,656,0
788位,,悪魔,Devil’sPudding,655,1
789位,,ネクロマンサー,阿良々木月火,655,0
790位,,悪魔,うたこ,654,0
791位,,悪魔,§根暗マンサー§,654,0
792位,,悪魔,僕は蜘蛛,652,0
793位,,悪魔,つるつるとん,651,1
794位,,悪魔,ﾝﾝﾝﾝﾝﾝﾝ,651,0
795位,,悪魔,シャウラ,651,0
796位,,悪魔,アクーマ,650,0
797位,,悪魔,☆Lilith☆彡,649,0
798位,,ネクロマンサー,ぅに,649,0
799位,,悪魔,もっちり,647,0
800位,,ネクロマンサー,左に右折,647,0
801位,,悪魔,しふぁ,646,0
802位,,ネクロマンサー,ヤティカヌの呪い,646,0
803位,,悪魔,レヴィ,645,4
804位,,悪魔,DesBeat,643,1
805位,,悪魔,ow2arrivesOct4,643,0
806位,,悪魔,Cutty_Sark,642,2
807位,,悪魔,おじゃが,642,0
808位,,悪魔,エスクァイア,641,0
809位,,悪魔,パープルヘイズ,641,0
810位,,悪魔,林檎,641,0
811位,,悪魔,ナマステBIG,639,4
812位,,悪魔,あんだー,639,0
813位,,ネクロマンサー,マジンドール,639,0
814位,,悪魔,クマ,638,0
815位,,悪魔,ぷにきゅあ,637,2
816位,,悪魔,もうもう,634,0
817位,,悪魔,猫丸の毒奴隷Ж,634,0
818位,,悪魔,のえあくまる,634,0
819位,,悪魔,nekuro,632,2
820位,,悪魔,角換わり,632,1
821位,,悪魔,なつみ,631,0
822位,,悪魔,猫アルク,631,0
823位,,ネクロマンサー,メリーさん,631,0
824位,,ネクロマンサー,霊珠コレクター,631,0
825位,,悪魔,イシュ・チェル,630,0
826位,,悪魔,れいろん３,630,0
827位,,悪魔,のーちらす,629,3
828位,,悪魔,梟の目,628,0
829位,,悪魔,花火,628,0
830位,,悪魔,Akus,627,2
831位,,悪魔,ネクマ,626,3
832位,,悪魔,v_tyoro,626,0
833位,,悪魔,めいべりー,625,2
834位,,悪魔,ネラ,624,0
835位,,悪魔,キルティ,624,0
836位,,悪魔,Reshala,622,0
837位,,悪魔,1452,621,0
838位,,悪魔,あい,620,0
839位,,悪魔,MMRN,620,0
840位,,ネクロマンサー,あくみゃー,620,0
841位,,悪魔,ｃｙｒｉｌ,619,0
842位,,悪魔,アクマデマルカ,619,0
843位,,悪魔,毒毒毒,618,0
844位,,悪魔,アクマくんさん,616,1
845位,,悪魔,ELDLICH,616,0
846位,,悪魔,雪鳴紅,616,0
847位,,悪魔,きょうかい,614,3
848位,,悪魔,緑のたぬき,614,0
849位,,悪魔,かわげ,614,0
850位,,悪魔,☆小悪魔ちょこ☆,613,3
851位,,悪魔,カルメ,613,0
852位,,悪魔,ウォーク,613,0
853位,,悪魔,よつば,612,0
854位,,悪魔,やるぞ！,612,0
855位,,悪魔,悪魔のueti3,612,0
856位,,悪魔,悪魔少女ミリアム,611,1
857位,,悪魔,おさかなさん,611,0
858位,,悪魔,Leliel,610,2
859位,,悪魔,カルフ,610,0
860位,,悪魔,トーテムポール,610,0
861位,,悪魔,何度でも,610,0
862位,,悪魔,ひで,609,3
863位,,悪魔,悪シーサー,609,1
864位,,悪魔,悪レオル,609,1
865位,,悪魔,セ油,609,0
866位,,悪魔,どく,609,0
867位,,悪魔,ヴェレーノ,608,4
868位,,悪魔,マノミ,608,0
869位,,悪魔,temochi,608,0
870位,,悪魔,§クロエ§,606,0
871位,,悪魔,こまつな,606,0
872位,,悪魔,びでびで,605,1
873位,,悪魔,梅毒魔,605,0
874位,,悪魔,なちょ。,605,0
875位,,悪魔,デストロイヤー,604,0
876位,,悪魔,ルシファー,604,0
877位,,ネクロマンサー,邪魔するよぉーん,604,0
878位,,悪魔,アヤサム,603,3
879位,,悪魔,ロイヤルミスト,603,0
880位,,悪魔,ちん子丸,603,0
881位,,悪魔,エルドラド,603,0
882位,,悪魔,毒もやし,602,0
883位,,悪魔,毒撒き女王,602,0
884位,,悪魔,リリス・S,601,0
885位,,悪魔,なぁー3,601,0
886位,,悪魔,sssss,601,0
887位,,悪魔,ふなふな,601,0
888位,,悪魔,灼熱,600,0
889位,,悪魔,スムージー,600,0
890位,,悪魔,魔王,600,0
891位,,悪魔,ひろあくまｗ,600,0
892位,,悪魔,ネウロ君,600,0
893位,,ネクロマンサー,ねくろま,600,0
894位,,悪魔,悪ママG,599,0
895位,,悪魔,【孕めオラぁん】,599,0
896位,,ネクロマンサー,そこ３,598,0
897位,,ネクロマンサー,てと,596,0
898位,,悪魔,マクガフィン,594,3
899位,,悪魔,ニーズヘッグ,593,2
900位,,ネクロマンサー,モウ・コハン,593,2
901位,,悪魔,でででで,592,1
902位,,ネクロマンサー,影霊衣,591,0
903位,,悪魔,殺虫剤,590,1
904位,,悪魔,女王様と呼べ,590,1
905位,,悪魔,ゲロゲリゲゲゲ,589,0
906位,,悪魔,39℃,589,0
907位,,悪魔,トーカ,589,0
908位,,悪魔,欲求不満お姉さん,589,0
909位,,悪魔,悪毒,588,0
910位,,悪魔,午後の紅茶,588,0
911位,,悪魔,eruka,587,0
912位,,悪魔,毒悪魔,586,0
913位,,ネクロマンサー,C2H5OH,585,0
914位,,ネクロマンサー,爛爛,584,0
915位,,悪魔,焔たん☆ミ,583,0
916位,,悪魔,ディアブロ,582,3
917位,,悪魔,ぴゅるる,582,0
918位,,悪魔,Ninoa,582,0
919位,,悪魔,えもじ,581,0
920位,,悪魔,ナラクラ,581,0
921位,,悪魔,餃子仙女,581,0
922位,,悪魔,あくまっこ,580,0
923位,,ネクロマンサー,アレックス,579,0
924位,,悪魔,もくもく,578,0
925位,,悪魔,ふたば幼稚園,577,1
926位,,悪魔,夢莉,577,0
927位,,悪魔,ペルセポネー,576,0
928位,,悪魔,溜めて解放,576,0
929位,,ネクロマンサー,maru,576,0
930位,,悪魔,千寿,575,0
931位,,悪魔,猫丸の撒き散らし,575,0
932位,,悪魔,炭酸次郎,574,0
933位,,ネクロマンサー,生したす,573,1
934位,,悪魔,ドッグ80,573,0
935位,,悪魔,悪魔−SA,572,0
936位,,悪魔,ひるど,571,1
937位,,悪魔,月子,570,0
938位,,悪魔,ぺしみち,570,0
939位,,悪魔,どもんじょ,570,0
940位,,悪魔,ﾅﾏﾝｻｰ!,570,0
941位,,ネクロマンサー,ころむらの奴隷,569,0
942位,,悪魔,どくどくタワー,568,0
943位,,悪魔,リリカル,567,0
944位,,悪魔,ロック∞,564,0
945位,,悪魔,るんば悪,564,0
946位,,悪魔,貂蝉,563,0
947位,,悪魔,イムルヒルト,563,0
948位,,悪魔,にぎり（明太子）,563,0
949位,,ネクロマンサー,黒一色の犬,563,0
950位,,悪魔,ﾁｬﾄﾗ♪,562,0
951位,,悪魔,ゆうくん,561,0
952位,,悪魔,ADC12,560,0
953位,,悪魔,もくもくさん,559,0
954位,,悪魔,八木奈々,559,0
955位,,ネクロマンサー,宵闇ロクネ,559,0
956位,,悪魔,ARdbeG,558,0
957位,,悪魔,しまだい,556,0
958位,,悪魔,天雉,555,0
959位,,悪魔,睡蓮花,554,1
960位,,悪魔,むるあか,554,0
961位,,悪魔,sore,553,2
962位,,悪魔,Riddim,553,0
963位,,悪魔,ちよこ,553,0
964位,,悪魔,けぇき,553,0
965位,,悪魔,ゴリちゃん,553,0
966位,,悪魔,ザイナビ,552,0
967位,,悪魔,ロックブーケ,551,0
968位,,悪魔,くうえる,551,0
969位,,悪魔,毒物2022,549,0
970位,,ネクロマンサー,asobi,548,0
971位,,悪魔,セナ,547,0
972位,,悪魔,12345678,547,0
973位,,ネクロマンサー,りゅりゃん,547,0
974位,,悪魔,Dr。Poison,546,1
975位,,悪魔,仙豆,546,0
976位,,悪魔,にったz,546,0
977位,,悪魔,SierraSix,544,3
978位,,悪魔,童顔美女,544,0
979位,,悪魔,BMｔ,544,0
980位,,ネクロマンサー,baumeΦ,543,1
981位,,悪魔,TETRA,543,0
982位,,悪魔,ゴジラ,543,0
983位,,悪魔,ビっさん,542,0
984位,,悪魔,ななつ星♪,541,0
985位,,ネクロマンサー,うる,541,0
986位,,悪魔,riore,539,0
987位,,悪魔,ねこら姐さん,538,0
988位,,悪魔,ばななぱん,538,0
989位,,悪魔,邪聖剣,537,0
990位,,ネクロマンサー,ノイジー,537,0
991位,,悪魔,サル痘でござる,536,0
992位,,悪魔,RelmArrowny,536,0
993位,,ネクロマンサー,時闇,536,0
994位,,悪魔,けえたん,534,0
995位,,悪魔,stRa,534,0
996位,,ネクロマンサー,りゅりょん,534,0
997位,,ネクロマンサー,デスド,533,1
998位,,悪魔,Gossip,531,0
999位,,ネクロマンサー,SpankBang,531,0
