1位,,霊術師,ちんき。,1600,5
2位,,闘士,あなたのハートに,1573,5
3位,,霊術師,カマキリ令嬢,1570,5
4位,,霊術師,ボイン姉ちゃん,1559,5
5位,,霊術師,舞牡丹,1550,5
6位,,闘士,Blatta◇Goki,1511,5
7位,,闘士,watta_gra,1460,5
8位,,闘士,ほむぅ,1446,5
9位,,霊術師,鬼一家の霊術師,1430,5
10位,,霊術師,☆よなぐに☆,1426,5
11位,,霊術師,ハープちゃん,1409,5
12位,,霊術師,タメヴィアータ。,1393,5
13位,,霊術師,tantan_08,1392,5
14位,,闘士,岡部誠_,1384,5
15位,,霊術師,ﾈｸﾛ。,1377,5
16位,,霊術師,メラメライド,1373,5
17位,,霊術師,ロッソ・ネロ,1352,5
18位,,闘士,＊stitch＊,1351,5
19位,,霊術師,○○○○●,1350,5
20位,,霊術師,bycm,1333,5
21位,,霊術師,ちんき２,1301,5
22位,,霊術師,UnBiR,1291,5
23位,,霊術師,ふーにゃ,1284,5
24位,,霊術師,ぶろんずごりら,1268,5
25位,,霊術師,彩刃。,1267,5
26位,,霊術師,狼闘,1266,5
27位,,霊術師,芋がいい,1266,5
28位,,闘士,アンヘル＿,1259,5
29位,,闘士,�[秋桜�[,1258,5
30位,,霊術師,‐MIYU‐,1256,5
31位,,霊術師,がびさん。,1253,5
32位,,闘士,ロアナプラ,1252,5
33位,,霊術師,梨々華,1252,5
34位,,霊術師,しるちゃん,1252,5
35位,,霊術師,ﾎﾟｶﾎﾝﾀｽ,1252,5
36位,,霊術師,フィエールマン,1251,5
37位,,霊術師,Gazelle_yui,1251,5
38位,,霊術師,アミリア´,1250,5
39位,,霊術師,ぷちゅあ,1244,5
40位,,霊術師,さくらよう,1242,5
41位,,霊術師,ψ七ちψ,1218,5
42位,,霊術師,bakkyiii,1218,5
43位,,霊術師,いんだら,1213,5
44位,,闘士,メイ。,1198,5
45位,,霊術師,どうもありがとう,1177,5
46位,,霊術師,キッコーマソ,1175,5
47位,,霊術師,まえがちゃん,1171,5
48位,,霊術師,ポリアフ,1170,5
49位,,霊術師,●●●●●●,1150,5
50位,,霊術師,らいみんと,1135,5
51位,,霊術師,吉田沙保里のASMR,1126,5
52位,,霊術師,Erza・Scarlett,1111,5
53位,,闘士,kaona,1100,5
54位,,霊術師,まいぼたん,1092,5
55位,,闘士,サ〜べラス,1086,5
56位,,霊術師,双七,1082,5
57位,,霊術師,Leccee,1077,5
58位,,霊術師,トケンカ_藍墨,1071,5
59位,,霊術師,Mrスピエモン,1058,5
60位,,霊術師,towaco．γ,1058,5
61位,,霊術師,水禺刀,1057,5
62位,,霊術師,かーらτ,1055,5
63位,,霊術師,ﾈｵﾝﾃﾄﾗ,1044,5
64位,,闘士,鶯桜國愛,1043,5
65位,,霊術師,ひまわりちゃん♪,1034,5
66位,,霊術師,ＮARUMI,1031,5
67位,,霊術師,えびふらいおん,1031,5
68位,,霊術師,レアミート,1031,5
69位,,闘士,イルラヤ,1028,5
70位,,霊術師,すとれるか,1028,5
71位,,霊術師,コペーン,1026,5
72位,,闘士,ふぅりんっ,1024,5
73位,,霊術師,ブラック・モア,1024,5
74位,,闘士,どすこいULT,1021,5
75位,,霊術師,ちうとん,1020,5
76位,,霊術師,雪奈。,1018,5
77位,,霊術師,−狂−,1017,5
78位,,霊術師,☆December☆,1016,5
79位,,闘士,Leather,1015,5
80位,,闘士,ｷﾞｬｰしたい人,1014,5
81位,,霊術師,ばるるん,1014,5
82位,,霊術師,FineWeather,1013,5
83位,,霊術師,でざいんあ,1012,5
84位,,霊術師,小面衝突,1011,5
85位,,霊術師,悪い子猫ちゃん,1010,5
86位,,霊術師,ｶﾄﾗｰ･ﾍﾞｹｯﾄ,1010,5
87位,,闘士,Razzie,1009,5
88位,,闘士,れじぇっちょ,1008,5
89位,,霊術師,○カマです。。,1008,5
90位,,霊術師,コランダム。,1006,5
91位,,霊術師,MurderQueenЯR,1004,5
92位,,闘士,ふぁいた〜,1002,5
93位,,霊術師,人生に迷った,1002,5
94位,,霊術師,ライムンゥ,1002,5
95位,,霊術師,なついち,1002,5
96位,,霊術師,レイセフト,1002,5
97位,,霊術師,ワ・ッ・チ,1001,5
98位,,霊術師,十六夜‘,1001,5
99位,,霊術師,ＥＶＥ,1001,4
100位,,闘士,育毛トニック,1000,5
101位,,闘士,くまゆる,1000,5
102位,,闘士,ちょっちね,1000,5
103位,,霊術師,John_O_Eternal,1000,5
104位,,霊術師,リオナ・ダイソン,1000,5
105位,,霊術師,アリ・エンジェル,1000,5
106位,,霊術師,Maximoff,1000,5
107位,,霊術師,nerva,998,5
108位,,霊術師,むぅ〜たん♪,997,5
109位,,霊術師,しんくれあ,990,5
110位,,霊術師,優しぃ嘘,990,5
111位,,闘士,あたなしあ。,988,5
112位,,霊術師,りんじょ〜,986,5
113位,,霊術師,†紫夏†,983,5
114位,,闘士,のー闘士,981,5
115位,,霊術師,つばまる☆彡,978,5
116位,,霊術師,�I新羅�I,977,5
117位,,闘士,†マァム†,976,3
118位,,闘士,neriza,975,5
119位,,霊術師,Xann,975,5
120位,,霊術師,どらきゅあ,975,5
121位,,霊術師,マガイハク,975,4
122位,,霊術師,蛇喰◇夢子,974,5
123位,,霊術師,天狗ぅ,973,5
124位,,霊術師,みあ！,973,5
125位,,霊術師,Ｐあぶ,972,5
126位,,闘士,女狐オンザラン,971,5
127位,,霊術師,肉球ﾘﾗｸｾﾞｰｼｮﾝ,971,5
128位,,霊術師,堕胎された胎児,971,5
129位,,闘士,ぽぜ太郎,970,4
130位,,霊術師,華の雫,970,4
131位,,霊術師,harok,969,5
132位,,霊術師,キャラクター０１,969,5
133位,,闘士,点と線,968,5
134位,,霊術師,うぇぶぉ,968,5
135位,,霊術師,§社長秘書§,968,5
136位,,霊術師,Essence,966,5
137位,,霊術師,y0_da,964,5
138位,,霊術師,殲滅天使禮美,964,5
139位,,霊術師,ラケリン,964,5
140位,,闘士,占領政策,963,5
141位,,霊術師,破壊神Asura,963,5
142位,,霊術師,♪ズックにロック,963,5
143位,,霊術師,ごまの味噌漬け,963,3
144位,,闘士,teoBring,962,5
145位,,霊術師,てぃんき,962,5
146位,,霊術師,☆おやこどん☆,962,5
147位,,闘士,abee,961,5
148位,,霊術師,れんちょん♪,961,5
149位,,霊術師,霊のボウリング,961,4
150位,,霊術師,死神☆タナトス,960,5
151位,,闘士,Darjee,959,5
152位,,霊術師,きーら,959,5
153位,,霊術師,Lilakugel,959,5
154位,,霊術師,ザンサイアン,958,5
155位,,闘士,ﾍﾟｰﾔﾝ,957,5
156位,,霊術師,へル,957,5
157位,,闘士,☆くろネコ☆,957,0
158位,,闘士,すぐ死ぬ熱帯魚,956,5
159位,,霊術師,レイアーティスト,956,5
160位,,霊術師,米マックス,956,5
161位,,霊術師,ﾘﾝﾃﾞｨｽ,955,5
162位,,闘士,Shaft,954,5
163位,,霊術師,地獄猫,954,5
164位,,霊術師,σ帽子屋さんσ,954,5
165位,,霊術師,きるるん,953,5
166位,,霊術師,眠れる光秀,953,5
167位,,霊術師,てぃもな,953,4
168位,,霊術師,ひろぽんsoul,952,5
169位,,霊術師,コムニール,952,5
170位,,霊術師,雪＊,952,5
171位,,霊術師,復習エリー,951,5
172位,,霊術師,Ticket_to_Ride,951,0
173位,,霊術師,ZILCH零,950,5
174位,,霊術師,アズリエル,950,5
175位,,霊術師,れぃたま,950,5
176位,,霊術師,【めぐみん】,949,5
177位,,霊術師,ｴｲﾘｰｸ,949,4
178位,,霊術師,炙りトロ,948,5
179位,,霊術師,愛の霊術☆コザク,948,5
180位,,霊術師,紗那・D,948,5
181位,,霊術師,すにゃ☆,948,4
182位,,霊術師,ぱんな６,947,5
183位,,霊術師,GESOR,947,5
184位,,霊術師,ハカイヨノユメ,946,5
185位,,霊術師,B2ST,946,5
186位,,霊術師,wakky☆,946,5
187位,,霊術師,トロピカーナ99％,946,5
188位,,霊術師,椎名ちゃん,946,5
189位,,霊術師,HaagenDazsｶﾌｪﾗﾃ,946,0
190位,,霊術師,和ちゃん,945,5
191位,,霊術師,天ノ鎌,945,5
192位,,霊術師,ﾍﾞｱﾄﾘｸｽ,945,5
193位,,霊術師,ﾐﾗｸﾙｶﾞｰﾙ,945,4
194位,,闘士,鋸山ケンケン,944,5
195位,,霊術師,ｹﾞｯｺｰ・ﾓﾘｱ,944,5
196位,,霊術師,LotusLove,944,5
197位,,霊術師,ぱるとあ,944,5
198位,,霊術師,しばざくら,944,5
199位,,闘士,鈴木歩,944,2
200位,,霊術師,cheap__,943,5
201位,,霊術師,（＝ω＝�o,943,5
202位,,霊術師,ｱﾘｶﾞﾀｲｶﾀﾀﾀｷ,943,5
203位,,霊術師,○スベクヒャン,942,5
204位,,霊術師,すねげボンバー,940,5
205位,,霊術師,桃色ラランテス,939,3
206位,,霊術師,れねじゅつし,938,5
207位,,霊術師,まーくん１,938,5
208位,,霊術師,シナプス＠,937,5
209位,,闘士,沢野口沙絵,936,5
210位,,闘士,蒼炎姫,936,5
211位,,闘士,蝶の舞,936,5
212位,,霊術師,TheGrimReaper,936,4
213位,,霊術師,人生の楽園,936,3
214位,,霊術師,arkhe,936,2
215位,,霊術師,餅月ひまり,935,5
216位,,霊術師,新太,935,5
217位,,霊術師,ゴッドアイ,935,3
218位,,霊術師,ちの字,935,3
219位,,闘士,EXEVA,934,5
220位,,闘士,reijko,934,5
221位,,闘士,minao370,934,5
222位,,霊術師,Brushie,934,5
223位,,霊術師,ぺろりんQ,934,5
224位,,霊術師,ミラー８,934,5
225位,,霊術師,ж楊端和ж,934,5
226位,,霊術師,成春香,934,5
227位,,霊術師,ミサト・Ｋ,934,5
228位,,霊術師,ジィド１,934,4
229位,,闘士,Foden,933,5
230位,,闘士,Ж華流香Ж,933,5
231位,,闘士,Superiority,933,5
232位,,霊術師,Rheya,933,5
233位,,霊術師,透過,933,5
234位,,霊術師,TOMOZO心の俳句,933,5
235位,,霊術師,霊蒼穹,933,5
236位,,霊術師,しょーごちゃん,933,5
237位,,霊術師,Starshia,933,4
238位,,霊術師,調査室,933,1
239位,,霊術師,日日草,932,5
240位,,霊術師,彩おれんじ霊,932,5
241位,,霊術師,ペネロペ・エカ,932,5
242位,,霊術師,Languise,932,5
243位,,霊術師,eurekaa,932,5
244位,,霊術師,極上ちくわ,932,5
245位,,霊術師,エリザスレイン。,932,5
246位,,霊術師,セシル・アゲート,932,4
247位,,霊術師,TIBIKITTY,932,3
248位,,闘士,HIGHELVES,931,5
249位,,霊術師,Bloodless,931,5
250位,,霊術師,なめrei,931,5
251位,,霊術師,各務森_飛白,931,5
252位,,霊術師,軋り栗廃る,931,5
253位,,霊術師,剣山ケンケン,931,5
254位,,霊術師,由貴野ひめか,931,0
255位,,闘士,SevenOfNine,930,5
256位,,闘士,PPPするぞ！,930,5
257位,,霊術師,空却,930,5
258位,,霊術師,Mary2,930,5
259位,,霊術師,�I鎌爪�I,930,5
260位,,霊術師,Gisele,930,5
261位,,霊術師,美李亜♪,930,4
262位,,霊術師,メギス,929,5
263位,,霊術師,ピンちゃす♂,929,4
264位,,霊術師,るなん,929,4
265位,,霊術師,クル・レイ,928,5
266位,,霊術師,alissasears,928,5
267位,,霊術師,鈴原るる,928,5
268位,,霊術師,ScarletRuby,928,5
269位,,霊術師,オポチュニティ,928,5
270位,,霊術師,ユーディッド,928,5
271位,,霊術師,乃布,928,5
272位,,霊術師,soulwave,928,5
273位,,霊術師,戸田寿里矢,928,4
274位,,闘士,伊勢緋里,927,5
275位,,闘士,ツンデレポップ,927,5
276位,,闘士,☆よしお☆,927,5
277位,,霊術師,真空波動拳,927,5
278位,,霊術師,レイジィー,927,5
279位,,霊術師,☆フィオナ,927,5
280位,,霊術師,Vivy_Final,927,5
281位,,霊術師,ていふ,927,5
282位,,霊術師,Ray55,927,5
283位,,霊術師,マリ�U,927,4
284位,,闘士,安全扇風機,927,2
285位,,霊術師,AYRES,926,5
286位,,霊術師,KIEHL’s！,926,5
287位,,霊術師,来栖崎ひさぎ,926,5
288位,,霊術師,天然水NEXT,926,4
289位,,霊術師,トマトはマジで�_,926,4
290位,,霊術師,Cの世界,926,4
291位,,霊術師,サクランボン,926,4
292位,,霊術師,ハミデント・眠都,926,3
293位,,霊術師,ねこ零,925,5
294位,,霊術師,ジャイ子。,925,5
295位,,霊術師,加幸,925,5
296位,,霊術師,不眠の大樹,925,5
297位,,霊術師,カリペロ,925,5
298位,,霊術師,ﾁｯﾁｷﾁﾝﾊﾟﾝ,925,5
299位,,霊術師,平成元年,925,5
300位,,霊術師,Le・Ciel’ｓ,925,5
301位,,霊術師,Galaxy☆Express,925,5
302位,,闘士,おうしまる,925,4
303位,,霊術師,サンプリス,925,4
304位,,霊術師,桐野悠,925,3
305位,,霊術師,☆mama☆,925,3
306位,,闘士,黒の闘神乱舞,925,2
307位,,闘士,CV：福原綾香,924,5
308位,,闘士,釘付ヒップライン,924,5
309位,,霊術師,ヴェストパーレ,924,5
310位,,霊術師,☆ヌーボー☆,924,5
311位,,霊術師,ぐだうさ,924,5
312位,,霊術師,リリナ・ダイソン,924,5
313位,,霊術師,エビの上腕三頭筋,924,5
314位,,霊術師,塩見シュウコ,924,5
315位,,霊術師,デルリオ,924,5
316位,,霊術師,hideto2010,924,4
317位,,霊術師,モーラウィン,924,3
318位,,霊術師,はんようとまと,924,0
319位,,闘士,おてて様,923,5
320位,,霊術師,ミルキル,923,5
321位,,霊術師,karu_r,923,5
322位,,霊術師,鬼嫁の力,923,5
323位,,霊術師,大鳳凰,923,5
324位,,霊術師,カエルさん。,923,5
325位,,霊術師,偏差値38,923,4
326位,,霊術師,オシリンデレラ,923,3
327位,,闘士,Genie・Knights,923,1
328位,,闘士,μアイリスμ,922,5
329位,,闘士,ノーライフ,922,5
330位,,霊術師,MOBキラー,922,5
331位,,霊術師,ベルベッダー,922,5
332位,,霊術師,沖田杏梨,922,5
333位,,霊術師,ジャット,922,5
334位,,霊術師,東南西北口發中,922,5
335位,,霊術師,Rose�C,922,5
336位,,霊術師,みさにゃんこ,922,4
337位,,霊術師,レムヤン,922,3
338位,,霊術師,柚月葉,922,3
339位,,霊術師,ミリャ,922,2
340位,,霊術師,airiグラップラー,922,1
341位,,霊術師,闘士管理人,922,0
342位,,霊術師,翔☆ジュニア,922,0
343位,,闘士,ﾃﾁﾃﾁ分身拳,921,5
344位,,闘士,無為†,921,5
345位,,闘士,みなくろ,921,5
346位,,霊術師,ティーゼ,921,5
347位,,霊術師,鎌烏賊,921,5
348位,,霊術師,【kumi】,921,5
349位,,霊術師,セーラールナ,921,5
350位,,霊術師,歩く乱す風紀,921,5
351位,,霊術師,魚虎,921,4
352位,,闘士,霞朱麗,920,5
353位,,霊術師,※簀巻※,920,5
354位,,霊術師,霊術師（仮）,920,5
355位,,霊術師,愛の伝道師☆,920,5
356位,,霊術師,鎌神,920,5
357位,,霊術師,らいてふ,920,5
358位,,霊術師,フェルクリンゲン,920,5
359位,,霊術師,lamune,920,5
360位,,霊術師,さくら舞,920,5
361位,,霊術師,sirius☆ミ,920,5
362位,,霊術師,ＲＦ,920,5
363位,,霊術師,☆陽炎G☆,920,5
364位,,霊術師,Toriel,920,4
365位,,霊術師,おじゃりん改,920,2
366位,,闘士,ｵﾝﾄﾞﾚｶﾞｼﾞｬｲｱﾝﾄ,919,5
367位,,闘士,創英角ポップ体,919,5
368位,,霊術師,幽愛カレン,919,5
369位,,霊術師,あめうさ,919,5
370位,,霊術師,魂のぷりん,919,5
371位,,霊術師,Bligh_S,919,5
372位,,霊術師,なめたけ先生,919,5
373位,,霊術師,ユーディカ,919,5
374位,,霊術師,アギトス,919,4
375位,,霊術師,♪タナトス,919,3
376位,,霊術師,えちごしぇ,919,3
377位,,霊術師,シェルムゼーレ,919,0
378位,,闘士,とうし子,918,5
379位,,闘士,toushi10,918,5
380位,,闘士,gerugeso,918,5
381位,,霊術師,茶恋,918,5
382位,,霊術師,華啓く,918,5
383位,,霊術師,あざみぃ,918,5
384位,,霊術師,かまととちゃん,918,5
385位,,霊術師,Dark_Phaze,918,5
386位,,霊術師,セン。,918,5
387位,,霊術師,まなぷりん鎌鼬,918,5
388位,,霊術師,alicemizel,918,5
389位,,霊術師,ﾃﾞｱﾘﾝｸﾞﾀｸﾄ,918,5
390位,,霊術師,フェアラル,918,5
391位,,霊術師,やきそばパン。,918,5
392位,,霊術師,Yutaca´,918,5
393位,,霊術師,暇ちゅぶ,918,5
394位,,闘士,パラス・アテナ,918,3
395位,,霊術師,ふるーりぃ,918,3
396位,,闘士,King_Crew,917,5
397位,,闘士,綾麗,917,5
398位,,闘士,TAYSON,917,5
399位,,闘士,華枇,917,5
400位,,闘士,かめちゃんねる,917,5
401位,,霊術師,†Shuse†,917,5
402位,,霊術師,�I大地�I,917,5
403位,,霊術師,ますにゃβ,917,5
404位,,霊術師,麻沙恵,917,5
405位,,霊術師,サブリミナル,917,5
406位,,霊術師,ふらぼ,917,5
407位,,霊術師,rinnmai,917,5
408位,,霊術師,くぅ〜ぇる,917,4
409位,,霊術師,ロニシス,917,3
410位,,霊術師,ハロウィン姉,917,3
411位,,霊術師,鎌日和,917,2
412位,,闘士,道明寺歌鈴,916,5
413位,,闘士,DawnofHyades,916,5
414位,,霊術師,はちみつ漬,916,5
415位,,霊術師,白橡,916,5
416位,,霊術師,えりざべすさん,916,5
417位,,霊術師,左れいじゅつし。,916,5
418位,,霊術師,☆微糖☆,916,5
419位,,霊術師,いなせだね,916,5
420位,,霊術師,したちゃ（Ｒ）,916,5
421位,,霊術師,べーちゃん。,916,5
422位,,霊術師,ビル・シック,916,5
423位,,霊術師,じゃんぷぷぷ,916,5
424位,,霊術師,Jill_Valentine,916,5
425位,,霊術師,ﾄﾞﾛﾘ濃厚ピーチ味,916,4
426位,,霊術師,Pmzrn,916,4
427位,,霊術師,ﾊﾐｭｯﾂ=ﾒｾﾀ,916,2
428位,,闘士,tekumakumayakon,916,0
429位,,闘士,☆ティファ☆彡,916,0
430位,,霊術師,カタヤイネン,915,5
431位,,霊術師,生ナッツ,915,5
432位,,霊術師,りさ（＾ω＾,915,5
433位,,霊術師,Cutiehoney,915,5
434位,,霊術師,青髪のお姉さん,915,5
435位,,霊術師,Iris．,915,5
436位,,霊術師,ﾊｸｱﾄﾞﾛｯﾄﾍﾙﾐﾆｳﾑ,915,5
437位,,霊術師,と゜ーもくん,915,5
438位,,霊術師,あみまる,915,5
439位,,霊術師,ちはる♪,915,5
440位,,霊術師,minas††,915,5
441位,,霊術師,ミリート,915,5
442位,,霊術師,剥離骨折,915,5
443位,,霊術師,sｉmpｌｅ,915,5
444位,,霊術師,みーこ・。・,915,5
445位,,闘士,Sor：Sevenster,915,4
446位,,霊術師,Apex_鎌,915,4
447位,,霊術師,×☆ぞう×☆,915,4
448位,,霊術師,ごみかす,915,3
449位,,霊術師,桐燮姚,915,2
450位,,霊術師,SATOMIGON,915,1
451位,,霊術師,霊術2000,915,0
452位,,霊術師,うさみみ烏哭,914,5
453位,,霊術師,〒うさんぽ,914,5
454位,,霊術師,ふぃおーれ,914,5
455位,,霊術師,真鶴椿,914,5
456位,,霊術師,ジェニファー霞,914,5
457位,,霊術師,緑川,914,5
458位,,霊術師,Priscilla£,914,5
459位,,霊術師,ネオソフト4G,914,5
460位,,霊術師,MajesticBaby,914,5
461位,,霊術師,しろくま。,914,5
462位,,霊術師,まるるん！,914,5
463位,,霊術師,塔13Ｆ,914,5
464位,,霊術師,あやせたん,914,4
465位,,霊術師,真空冷却機,914,4
466位,,闘士,ｱｶﾞｰﾌｨﾔ･ｲﾜｰﾉｳﾞﾅ,914,3
467位,,霊術師,テンダーキッス,914,3
468位,,闘士,AelaTheHuntress,914,0
469位,,霊術師,きぃちゃんＰ,914,0
470位,,霊術師,み〜んみん,914,0
471位,,闘士,あたッ！,913,5
472位,,闘士,Haldia,913,5
473位,,霊術師,れーじゅちゅし,913,5
474位,,霊術師,☆朔姫☆,913,5
475位,,霊術師,ゆぎ,913,5
476位,,霊術師,【ゆんゆん】,913,5
477位,,霊術師,Shiroro。,913,5
478位,,霊術師,ラストニア,913,5
479位,,霊術師,ウィンリ３,913,3
480位,,霊術師,れいとうこさん,913,2
481位,,霊術師,リルノ,913,2
482位,,霊術師,死姫マーレ,913,1
483位,,闘士,闘神うるど,913,0
484位,,闘士,☆かまいたち☆,912,5
485位,,闘士,ハシヤスメ,912,5
486位,,闘士,＊julian＊,912,5
487位,,霊術師,記念Q２,912,5
488位,,霊術師,森野あけび,912,5
489位,,霊術師,武闘子,912,5
490位,,霊術師,フェニス´,912,5
491位,,霊術師,･ω･れお,912,5
492位,,霊術師,いえない,912,5
493位,,霊術師,Risuram,912,5
494位,,霊術師,NEMURR,912,5
495位,,霊術師,☆ﾃﾙﾘﾝ☆,912,5
496位,,霊術師,Terracotta,912,5
497位,,霊術師,ホロウル,912,5
498位,,霊術師,草刈り金太郎,912,5
499位,,霊術師,◇秀麗◇,912,5
500位,,霊術師,幻影人形,912,5
501位,,霊術師,ハニーバニー,912,5
502位,,霊術師,ｲﾋﾋ姫,912,5
503位,,霊術師,YJTAKE,912,5
504位,,霊術師,アスフィ,912,5
505位,,霊術師,イストラ,912,5
506位,,霊術師,ぽみちゅ,912,3
507位,,霊術師,霊卵,912,3
508位,,霊術師,遼ちゃん７号,912,1
509位,,闘士,☆ジェニファー,912,0
510位,,闘士,お願いｲｴﾛｰ,912,0
511位,,霊術師,小鳥遊☆六花,912,0
512位,,闘士,いちご１２０％,911,5
513位,,闘士,アルベルトちゃん,911,5
514位,,霊術師,bvlgari9511,911,5
515位,,霊術師,蝶々結び。,911,5
516位,,霊術師,☆Lovecall☆,911,5
517位,,霊術師,鎌威太刀,911,5
518位,,霊術師,あいこす,911,5
519位,,霊術師,伊弉冉,911,5
520位,,霊術師,みむちょん,911,5
521位,,霊術師,まっふ,911,5
522位,,霊術師,☆ひみすけ☆,911,5
523位,,霊術師,桜奈,911,5
524位,,霊術師,☆DevilVer☆,911,5
525位,,霊術師,紹蝉,911,5
526位,,霊術師,あひゃこ,911,3
527位,,霊術師,きゅ。,911,2
528位,,闘士,熊野プーさん,911,1
529位,,闘士,むい†,910,5
530位,,闘士,☆チーズケーキ,910,5
531位,,闘士,PEACHーPIT,910,5
532位,,霊術師,水原姫子,910,5
533位,,霊術師,ﾊｸﾏｯｸﾙν,910,5
534位,,霊術師,ﾌｫﾝﾀﾞﾝ･ｵ･ｼｮｺﾗ,910,5
535位,,霊術師,じゃんぷぅ〜,910,5
536位,,霊術師,わさびっこ,910,5
537位,,霊術師,そとわくF,910,5
538位,,霊術師,たみぃー☆,910,5
539位,,霊術師,霊術獅,910,5
540位,,霊術師,††ｳﾞｪﾙ††,910,5
541位,,霊術師,ちおぽん,910,5
542位,,霊術師,SantaMuerte,910,5
543位,,霊術師,まるみる,910,5
544位,,霊術師,soulsan,910,4
545位,,霊術師,メテノ,910,4
546位,,霊術師,すり〜,910,4
547位,,霊術師,ミズキ♪,910,3
548位,,闘士,かい０８２２,910,0
549位,,闘士,☆バイオレット,910,0
550位,,霊術師,にもつちゃん,910,0
551位,,霊術師,天＿鎌,910,0
552位,,霊術師,鉄卿,910,0
553位,,闘士,えーすー,909,5
554位,,闘士,猪突猛進☆彡,909,5
555位,,霊術師,霊術チャン,909,5
556位,,霊術師,白憐,909,5
557位,,霊術師,死神ちゃん,909,5
558位,,霊術師,ﾂﾎﾞっち,909,5
559位,,霊術師,†Marluxia†,909,5
560位,,霊術師,Rグレイ,909,5
561位,,霊術師,羽狩,909,5
562位,,霊術師,気流・キリ,909,5
563位,,霊術師,犬コギ,909,5
564位,,霊術師,霞夜叉,909,4
565位,,霊術師,culoano,909,4
566位,,霊術師,いっくんﾋﾟｯ,909,4
567位,,霊術師,みにっつめいど,909,4
568位,,霊術師,サット女傑,909,2
569位,,霊術師,おたんこナース。,909,2
570位,,霊術師,つんでれ＾＾,909,2
571位,,霊術師,黒獅夢想,909,2
572位,,闘士,拳聖ティア,909,1
573位,,霊術師,ｺﾞｰﾙﾄﾞｼﾁｰ,909,0
574位,,霊術師,迷子Ａ,909,0
575位,,闘士,のなめのれ,908,5
576位,,霊術師,чч,908,5
577位,,霊術師,名も無い魔女,908,5
578位,,霊術師,穴堀男,908,5
579位,,霊術師,シャマルミレ,908,5
580位,,霊術師,ヱビス（生）,908,5
581位,,霊術師,ベラ−,908,5
582位,,霊術師,朱紗丸,908,5
583位,,霊術師,シャチナ,908,5
584位,,霊術師,ちゃぱお,908,5
585位,,霊術師,メンヘラvs俺,908,5
586位,,霊術師,うみの,908,5
587位,,霊術師,EXISTENCE310,908,4
588位,,霊術師,ロースケ,908,4
589位,,霊術師,クレイサス。,908,3
590位,,霊術師,ふぉるん,908,3
591位,,霊術師,佐々木希♪,908,3
592位,,霊術師,ｷｬﾝﾃﾞｨｽﾄﾗｲﾌﾟ,908,2
593位,,霊術師,霊術師エリス,908,0
594位,,闘士,��32,907,5
595位,,闘士,Lion_Hearts,907,5
596位,,闘士,拳とウシ,907,5
597位,,霊術師,ﾕｰｸﾘｳｯﾄﾞ：ﾍﾙｻｲｽﾞ,907,5
598位,,霊術師,黒百合姫,907,5
599位,,霊術師,るあ☆彡,907,5
600位,,霊術師,気狂Me,907,5
601位,,霊術師,＝よざく＝,907,5
602位,,霊術師,魔唯,907,5
603位,,霊術師,えぴてん,907,5
604位,,霊術師,鎌斬りかまいたち,907,5
605位,,霊術師,tondoru,907,5
606位,,霊術師,れんず,907,5
607位,,霊術師,月嶋,907,5
608位,,霊術師,Reginleifr,907,5
609位,,霊術師,走嵐,907,5
610位,,霊術師,伶菜。,907,5
611位,,霊術師,芋羊羹,907,5
612位,,霊術師,�]BunBun�],907,5
613位,,闘士,シンメちゃん,907,4
614位,,霊術師,焼酎ライム,907,4
615位,,霊術師,☆☆桃子☆☆,907,4
616位,,霊術師,ふぁにあ,907,4
617位,,霊術師,ながれものおりん,907,4
618位,,霊術師,☆ειιοωι,907,4
619位,,霊術師,やせたかなしい,907,3
620位,,霊術師,ヤスマンMark�U,907,3
621位,,霊術師,霊術の女神,907,3
622位,,霊術師,黒の海皇,907,2
623位,,闘士,闘士ぱーさ,907,0
624位,,霊術師,鎌布団,907,0
625位,,霊術師,覇裳,907,0
626位,,霊術師,Maaaaaaaanya,907,0
627位,,霊術師,嵐ちょん,907,0
628位,,霊術師,貂蝉。。,907,0
629位,,闘士,石凪†,906,5
630位,,闘士,Haters→,906,5
631位,,霊術師,魔莉唖,906,5
632位,,霊術師,ｴｽﾍﾟﾗﾝｻ,906,5
633位,,霊術師,£エルゥ£,906,5
634位,,霊術師,ワガママPINKY,906,5
635位,,霊術師,SundayCruise,906,5
636位,,霊術師,地下キャラ６０,906,5
637位,,霊術師,繊夜,906,5
638位,,霊術師,ピレリーノ,906,5
639位,,霊術師,投資家さん,906,5
640位,,霊術師,狛犬ゆいか,906,5
641位,,霊術師,シェーリィ,906,5
642位,,霊術師,親愛なる隣人,906,5
643位,,霊術師,瑠璃花色,906,5
644位,,霊術師,おだんご。,906,5
645位,,霊術師,るるノア,906,5
646位,,霊術師,連鎖伍号店,906,5
647位,,霊術師,ひと夏の経験,906,5
648位,,霊術師,Rumel,906,5
649位,,霊術師,Schedar,906,5
650位,,霊術師,そとわくR,906,5
651位,,霊術師,ぎーぐ,906,5
652位,,霊術師,麓夭,906,5
653位,,霊術師,へるつ,906,5
654位,,霊術師,おめざ,906,5
655位,,霊術師,ティモナ,906,5
656位,,霊術師,ぐらっぷる,906,5
657位,,霊術師,ドラゴン瞳,906,4
658位,,霊術師,Rosamia,906,4
659位,,霊術師,柚姫舞,906,4
660位,,霊術師,乾燥肌サムエル,906,4
661位,,闘士,ｘフランｘ,906,3
662位,,霊術師,不断シエル,906,3
663位,,霊術師,爪娘,906,3
664位,,闘士,早乙女_芽亜里,906,2
665位,,霊術師,ソンブラ,906,1
666位,,闘士,☆ティファニー,906,0
667位,,霊術師,サナ子,906,0
668位,,闘士,ぺっっ,905,5
669位,,闘士,【Ｓｔｅｌｌａ】,905,5
670位,,闘士,花澤香奈,905,5
671位,,霊術師,veloz,905,5
672位,,霊術師,ykmk_F,905,5
673位,,霊術師,しゅり家の霊術,905,5
674位,,霊術師,霊娘,905,5
675位,,霊術師,楪凛姫,905,5
676位,,霊術師,ゴッドバード田中,905,5
677位,,霊術師,§アルベド§,905,5
678位,,霊術師,SYUN_,905,5
679位,,霊術師,むっつりん,905,5
680位,,霊術師,鎌ちょ,905,5
681位,,霊術師,star_duster,905,5
682位,,霊術師,コアトリクエ,905,5
683位,,霊術師,わさびぃ,905,5
684位,,霊術師,ｶﾃﾘｰﾅ･ｲﾜｰﾉｳﾞﾅ,905,5
685位,,闘士,柔道バカ八代,905,4
686位,,霊術師,（Ο⌒ω⌒）Ο,905,4
687位,,霊術師,▲ボス▲,905,4
688位,,霊術師,レイりん,905,4
689位,,霊術師,ぱーさ君,905,4
690位,,霊術師,風鸞,905,4
691位,,霊術師,病気のコボボボ,905,3
692位,,霊術師,摩耶♪,905,3
693位,,霊術師,Joannaa,905,1
694位,,霊術師,ショコラノワール,905,1
695位,,霊術師,巴御前♪,905,1
696位,,闘士,さゆるる,905,0
697位,,闘士,ψBABYMETALψ,905,0
698位,,霊術師,鎌リリィ,905,0
699位,,霊術師,ぱろっこ,905,0
700位,,闘士,橘ありす,904,5
701位,,闘士,ケルベコス,904,5
702位,,闘士,舞桜☆彡,904,5
703位,,霊術師,音夢λ,904,5
704位,,霊術師,nanjolno,904,5
705位,,霊術師,DeadlyNightshade,904,5
706位,,霊術師,ちょ、待てよ！,904,5
707位,,霊術師,ξ猫が好きξ,904,5
708位,,霊術師,誘惑パンツライン,904,5
709位,,霊術師,４６猫,904,5
710位,,霊術師,シャユ,904,5
711位,,霊術師,れいじゅつし移行,904,5
712位,,霊術師,＼（ｽωｽﾞ）／,904,5
713位,,霊術師,ガルヒート,904,5
714位,,霊術師,Sanguine,904,5
715位,,闘士,ジェリーサンズ,904,4
716位,,霊術師,魔女の兎「甦」,904,4
717位,,霊術師,昼食のランチ,904,4
718位,,霊術師,§鎌足§,904,4
719位,,霊術師,難攻不落藤崎詩織,904,4
720位,,霊術師,A・RA・SHI,904,4
721位,,霊術師,るーいー,904,4
722位,,霊術師,☆☆ロキ☆☆,904,4
723位,,霊術師,つばまる,904,3
724位,,霊術師,Ice_tea,904,3
725位,,霊術師,いおりせ,904,3
726位,,霊術師,レミナスカイ,904,3
727位,,霊術師,愛猫うい,904,3
728位,,霊術師,Milky___,904,2
729位,,霊術師,焼き鳥焼き機,904,2
730位,,闘士,曼荼羅世界,904,0
731位,,闘士,あづき最中,904,0
732位,,闘士,コロナか？,904,0
733位,,霊術師,yamada6000_橋本,904,0
734位,,霊術師,WeAre�],904,0
735位,,霊術師,はなs,904,0
736位,,闘士,破壊だぜっと,903,5
737位,,闘士,紅蓮乱舞,903,5
738位,,霊術師,魔界ドリンク,903,5
739位,,霊術師,くらすいいんちょ,903,5
740位,,霊術師,ぱとらッしゅ,903,5
741位,,霊術師,冰菓,903,5
742位,,霊術師,ユギン,903,5
743位,,霊術師,霞穿,903,5
744位,,霊術師,ましまろです,903,5
745位,,霊術師,※ﾉﾖｵﾄ※,903,5
746位,,霊術師,夜想花☆,903,5
747位,,霊術師,◎桜花◎,903,5
748位,,霊術師,シキサイ,903,5
749位,,霊術師,小青竜,903,5
750位,,霊術師,shura。,903,5
751位,,霊術師,ティアξ,903,5
752位,,霊術師,Luit,903,5
753位,,霊術師,まるで粉雪のよう,903,5
754位,,霊術師,一上一下,903,5
755位,,闘士,しょめんしょとつ,903,4
756位,,闘士,エリーシァ,903,4
757位,,闘士,四川麻婆,903,4
758位,,霊術師,ぽむ。,903,4
759位,,霊術師,百合おとめ,903,4
760位,,霊術師,べほま,903,4
761位,,霊術師,Ｈomulilly,903,4
762位,,霊術師,あらすか。,903,4
763位,,霊術師,ヴィークルエンド,903,3
764位,,霊術師,チキンディナー,903,3
765位,,霊術師,Ram☆,903,3
766位,,霊術師,＋アクア＋,903,3
767位,,霊術師,花神楽,903,1
768位,,霊術師,広域,903,1
769位,,霊術師,楽喜,903,1
770位,,霊術師,ゆきゅ,903,1
771位,,霊術師,カルマの猫半分,903,0
772位,,霊術師,零ノ魂,903,0
773位,,闘士,ч01,902,5
774位,,闘士,獅子王霊歌,902,5
775位,,闘士,Ispin_Charles,902,5
776位,,闘士,てらお,902,5
777位,,闘士,18092号,902,5
778位,,闘士,まっちゃ〜,902,5
779位,,霊術師,せっかちや,902,5
780位,,霊術師,Gazelle_fruit,902,5
781位,,霊術師,わばれく,902,5
782位,,霊術師,なおちゃん＠,902,5
783位,,霊術師,ハードディスク,902,5
784位,,霊術師,Laeva´,902,5
785位,,霊術師,さくま。,902,5
786位,,霊術師,初秋涼夕,902,5
787位,,霊術師,み〜ぱん,902,5
788位,,霊術師,gehoo,902,5
789位,,霊術師,☆こっこ,902,5
790位,,霊術師,☆ティセラ☆,902,5
791位,,霊術師,夕凪Union,902,5
792位,,霊術師,Miian,902,5
793位,,霊術師,うーろんちゃ。,902,5
794位,,霊術師,ねこのて,902,5
795位,,霊術師,PrivateSquare,902,5
796位,,霊術師,clau_sickle,902,5
797位,,霊術師,夜に駆ける,902,5
798位,,霊術師,もちゃっ,902,5
799位,,霊術師,水錆,902,5
800位,,霊術師,tetsuto,902,5
801位,,霊術師,ディアンサ,902,5
802位,,霊術師,走れちゅうお,902,5
803位,,霊術師,vanillan☆,902,5
804位,,闘士,らろく,902,4
805位,,霊術師,街談巷説,902,4
806位,,霊術師,エミーリォ,902,4
807位,,霊術師,伽羅芽生,902,4
808位,,霊術師,ルナ・シーン,902,4
809位,,霊術師,ﾌｧﾋﾟｱﾉ,902,4
810位,,霊術師,百花文ちゃん,902,4
811位,,霊術師,贅沢巨峰,902,4
812位,,霊術師,NNKI,902,4
813位,,霊術師,蛍雪火,902,4
814位,,霊術師,イーエムアイ,902,4
815位,,霊術師,dusty_swing,902,4
816位,,霊術師,哀艶,902,4
817位,,霊術師,ハナダン,902,4
818位,,霊術師,ゼブラアナゴ,902,4
819位,,霊術師,カモミールティ,902,4
820位,,闘士,犬ザーの肝,902,3
821位,,霊術師,ﾏｲﾅｰﾎﾟｹﾓﾝ,902,3
822位,,霊術師,リコピン☆彡,902,3
823位,,霊術師,燃料は酒,902,3
824位,,霊術師,zero霊術,902,3
825位,,霊術師,ひがんばな,902,3
826位,,霊術師,魂の殺人,902,3
827位,,霊術師,イヴェアム,902,3
828位,,霊術師,二村くん,902,3
829位,,霊術師,僕も一人,902,2
830位,,霊術師,闇バク闇,902,2
831位,,霊術師,py_1,902,2
832位,,霊術師,PERSONZ,902,2
833位,,霊術師,赤の海豚,902,1
834位,,霊術師,花ぴあす,902,1
835位,,闘士,ツェーリア,902,0
836位,,闘士,芝本川,902,0
837位,,霊術師,密月ザッハトルテ,902,0
838位,,霊術師,れいじー,902,0
839位,,霊術師,KillingAngel,902,0
840位,,霊術師,Apocalypsis,902,0
841位,,霊術師,Rom☆,902,0
842位,,霊術師,ブラック羽川美香,902,0
843位,,闘士,ミリア♪,901,5
844位,,闘士,pokomaru,901,5
845位,,霊術師,ＪＴＲ,901,5
846位,,霊術師,れぃ,901,5
847位,,霊術師,カーチェス,901,5
848位,,霊術師,soukosen,901,5
849位,,霊術師,ハッチロック,901,5
850位,,霊術師,かんな、,901,5
851位,,霊術師,あずうるLX,901,5
852位,,霊術師,さいたまんん,901,5
853位,,霊術師,リポビタンてむ,901,5
854位,,霊術師,風呂屋の欲望,901,5
855位,,霊術師,てちつてと,901,5
856位,,霊術師,ももたねΞ,901,5
857位,,霊術師,maru霊,901,5
858位,,霊術師,せっツん,901,5
859位,,霊術師,笹鎌,901,5
860位,,霊術師,＄金庫＄,901,5
861位,,霊術師,ミナン,901,5
862位,,霊術師,花咲カニの網焼き,901,5
863位,,霊術師,ざっくり,901,5
864位,,霊術師,ﾊﾟﾘｰﾝｲﾝﾄﾙｰﾀﾞｰ,901,5
865位,,霊術師,ねおき君,901,5
866位,,霊術師,うなうなのスー,901,5
867位,,霊術師,☆ABC,901,5
868位,,霊術師,riko98,901,5
869位,,霊術師,☆異世界の闘士☆,901,5
870位,,霊術師,Necria,901,5
871位,,霊術師,ぶにゅ,901,5
872位,,霊術師,泡沫のカプチーノ,901,5
873位,,霊術師,玉ねぎ戦士BBQ,901,5
874位,,闘士,らびりす,901,4
875位,,闘士,きなこもちもち,901,4
876位,,闘士,rosehips,901,4
877位,,霊術師,となりのバナナ,901,4
878位,,霊術師,monaka3,901,4
879位,,霊術師,待宵,901,4
880位,,霊術師,ごろ猫,901,4
881位,,霊術師,ユンケ☆,901,4
882位,,霊術師,仮免教官＠,901,4
883位,,霊術師,MagicianBurujoa,901,4
884位,,霊術師,ハムの外側,901,4
885位,,霊術師,†Alstroemeria†,901,4
886位,,霊術師,sevenmity,901,4
887位,,霊術師,ConradR,901,4
888位,,霊術師,ReinaNoche,901,4
889位,,霊術師,月影アリア,901,4
890位,,霊術師,キーしあ,901,4
891位,,霊術師,ばーふぇん,901,4
892位,,霊術師,はぐみ,901,4
893位,,闘士,ベー虎,901,3
894位,,霊術師,冷凍睡眠,901,3
895位,,霊術師,Ψ恐山夜月Ψ,901,3
896位,,霊術師,黄昏ｒｚ,901,3
897位,,霊術師,天の死神,901,3
898位,,霊術師,桜杳,901,3
899位,,霊術師,エルドレイン,901,3
900位,,霊術師,やまりな,901,3
901位,,霊術師,しゃんさん。,901,3
902位,,霊術師,デコイでドカン！,901,2
903位,,霊術師,Lleria,901,2
904位,,霊術師,でゅお〜ま,901,1
905位,,霊術師,村人（衛兵）,901,1
906位,,闘士,avi_4,901,0
907位,,霊術師,サブウェン,901,0
908位,,霊術師,ひなたそ♀,901,0
909位,,霊術師,瑠璃s,901,0
910位,,霊術師,ﾌｳりん,901,0
911位,,霊術師,BAILA,901,0
912位,,霊術師,NakedApeI,901,0
913位,,霊術師,わた飴。,901,0
914位,,闘士,秋☆華,900,5
915位,,闘士,復帰闘士,900,5
916位,,闘士,ｿｳﾙｸﾞﾗｯﾌﾟﾗｰ,900,5
917位,,闘士,◇枝垂れ桜◇,900,5
918位,,闘士,Mea†L,900,5
919位,,闘士,レイニティ,900,5
920位,,闘士,あすらっしゅ,900,5
921位,,闘士,Shiro_kun,900,5
922位,,闘士,天照沙羅,900,5
923位,,霊術師,☆ﾙﾙ・ｱﾏｿﾞﾈｽ彡,900,5
924位,,霊術師,まぁぶ,900,5
925位,,霊術師,飲んだくれ山佐,900,5
926位,,霊術師,ボイン姉ちゃそ,900,5
927位,,霊術師,【ファピアノ】,900,5
928位,,霊術師,国士無双13面待,900,5
929位,,霊術師,晴雲秋月♪,900,5
930位,,霊術師,白雲孤飛♪,900,5
931位,,霊術師,Slash_Rain,900,5
932位,,霊術師,SDGs斎藤,900,5
933位,,霊術師,緑翼の闇姫リーズ,900,5
934位,,霊術師,渋川剛気,900,5
935位,,霊術師,ねむれす,900,5
936位,,霊術師,Zephyrisu,900,5
937位,,霊術師,おでんでん,900,5
938位,,霊術師,ひすいひめ,900,5
939位,,霊術師,HextechGunBlade,900,5
940位,,霊術師,死神の使い☆♪,900,5
941位,,霊術師,いっくん☆,900,5
942位,,霊術師,雷月（ライムン）,900,5
943位,,霊術師,タカトコタン,900,5
944位,,霊術師,�IDemyx�I,900,5
945位,,霊術師,きのこたけのこ,900,5
946位,,霊術師,破滅の純情,900,5
947位,,霊術師,漣瞑,900,5
948位,,霊術師,☆リサ☆,900,5
949位,,霊術師,∬夜空∬,900,5
950位,,霊術師,モンジャ,900,5
951位,,霊術師,ＭSコン,900,5
952位,,霊術師,嬢嬢・ｼﾞｮｰｶｰｽﾞ,900,5
953位,,霊術師,沙螺堕,900,5
954位,,霊術師,社畜ちゃん,900,5
955位,,霊術師,びおふぇるみん,900,5
956位,,霊術師,識別組子,900,5
957位,,霊術師,至純,900,5
958位,,霊術師,白隣,900,5
959位,,霊術師,ﾑﾆﾑﾆ･ﾏｯｶｰｻｰ,900,5
960位,,霊術師,アメリウス,900,5
961位,,霊術師,ミュウラン,900,5
962位,,霊術師,corratec,900,5
963位,,霊術師,アメジストさん,900,5
964位,,霊術師,爻夜蝶爻,900,5
965位,,霊術師,残酷なヤミ,900,5
966位,,霊術師,ルフェイ�U,900,5
967位,,霊術師,春風団子,900,5
968位,,霊術師,日曜日よりの死者,900,5
969位,,霊術師,KYO虎,900,5
970位,,霊術師,不破_κ,900,5
971位,,霊術師,胡桃さいか,900,5
972位,,霊術師,落葉宮,900,5
973位,,霊術師,BURRITO,900,5
974位,,闘士,†無為†,900,4
975位,,闘士,あしゅのん,900,4
976位,,闘士,ればにら,900,4
977位,,闘士,ﾗｺﾀｽ･ﾗﾝﾃﾞﾌﾞｰ,900,4
978位,,闘士,VegaBannings,900,4
979位,,闘士,sai103,900,4
980位,,闘士,グダグダ感,900,4
981位,,霊術師,霊TAKA,900,4
982位,,霊術師,四葩,900,4
983位,,霊術師,千手丸,900,4
984位,,霊術師,あとりあ§,900,4
985位,,霊術師,成瀬よた,900,4
986位,,霊術師,プーラ,900,4
987位,,霊術師,Lコットン,900,4
988位,,霊術師,ケオオオオペポボ,900,4
989位,,霊術師,PersonX,900,4
990位,,霊術師,巨乳は邪道,900,4
991位,,霊術師,塁々,900,4
992位,,霊術師,siopi,900,4
993位,,霊術師,タルタルチキン,900,4
994位,,霊術師,CometScythe,900,4
995位,,霊術師,さーたん♪,900,4
996位,,霊術師,じぇらるん,900,4
997位,,霊術師,Lost†Memory,900,4
998位,,霊術師,＋‡黒宇鷺‡＋,900,4
999位,,霊術師,しゃるー,900,4
