1位,,戦士,ルベーグ2世,1604,5
2位,,剣士,Oddesy,1571,5
3位,,剣士,カジュアル,1567,5
4位,,戦士,FalkeNaze,1505,3
5位,,剣士,ヴェイグ☆,1495,5
6位,,剣士,HGRY,1493,5
7位,,剣士,サイバーナイト,1452,5
8位,,戦士,CROSSJUSTICE,1446,5
9位,,剣士,イウヴァルト†,1431,5
10位,,戦士,ｸﾗｯｼｬｰ☆ｼﾞｮｰ,1427,5
11位,,剣士,むぎちゃ。,1421,5
12位,,戦士,オナルドダック,1416,5
13位,,剣士,_とろ_,1411,5
14位,,剣士,ｋａｚｕｋｕｎ剣,1403,5
15位,,戦士,†LightSide†,1402,5
16位,,剣士,ΨﾚﾉΨ,1397,5
17位,,戦士,青空侍,1391,5
18位,,剣士,RIZZΩ,1374,5
19位,,戦士,甚目寺,1373,5
20位,,戦士,浪速人,1370,5
21位,,戦士,RockAce,1365,5
22位,,戦士,くろぐろさん,1361,5
23位,,戦士,老騎士,1329,5
24位,,戦士,すねんねん,1323,5
25位,,戦士,たいきしゃとる2,1318,5
26位,,剣士,otasam,1318,5
27位,,戦士,俺の名は！！,1312,5
28位,,戦士,ゲラー☆マン,1310,5
29位,,剣士,おほおおおｗｗｗ,1309,5
30位,,戦士,某☆大真龍将,1306,5
31位,,戦士,ζZoroζ,1291,5
32位,,剣士,伊東歌詞太郎,1290,5
33位,,戦士,ルシスSS,1289,5
34位,,戦士,Jamii,1288,5
35位,,剣士,あるせん,1287,5
36位,,剣士,シーシャ,1286,3
37位,,戦士,Phantasmagoria,1281,5
38位,,剣士,ﾀｲｶﾞｰﾀﾅｶ,1277,5
39位,,戦士,ﾏﾙｶﾄｰﾚ青嶋,1272,5
40位,,戦士,しおじー,1265,5
41位,,剣士,ネトゲ廃人MEN,1263,5
42位,,剣士,冬のミルク,1260,5
43位,,戦士,Alpha999,1259,5
44位,,戦士,けーたろう,1258,5
45位,,戦士,ロイ４世,1258,5
46位,,剣士,はまっこ大将,1258,5
47位,,戦士,殺したるキング,1256,5
48位,,戦士,いちびり,1252,5
49位,,剣士,EPICDAY,1252,5
50位,,剣士,２代目dabrat,1249,5
51位,,戦士,超魔界村,1247,5
52位,,剣士,SHIMADAI,1245,5
53位,,剣士,RAGE_OF_DUST,1244,5
54位,,剣士,Engagement,1238,5
55位,,戦士,羅刹騎,1234,5
56位,,剣士,風邪ひき,1234,5
57位,,剣士,あぐねすでじたる,1215,3
58位,,剣士,§ash§,1205,5
59位,,戦士,フィルフィス,1204,5
60位,,剣士,真剣の王,1204,5
61位,,剣士,たかちゃんまん,1201,5
62位,,剣士,卍雅劉卍,1200,5
63位,,剣士,☆カイオー,1196,5
64位,,戦士,りょっち改,1195,5
65位,,戦士,☆タクト,1194,5
66位,,剣士,Denzel_H_W_Jr,1193,5
67位,,戦士,ここ、通ります,1187,5
68位,,戦士,rizte,1185,5
69位,,戦士,cleighton,1184,5
70位,,戦士,和みあずき,1180,5
71位,,剣士,ΨゼロカスタムΨ,1180,5
72位,,戦士,kumamon,1177,5
73位,,戦士,Mr．Prospector,1174,5
74位,,戦士,どっすんPP,1168,5
75位,,戦士,Nigelle,1166,5
76位,,戦士,チョコザイナー,1164,5
77位,,剣士,カサブランカ,1163,5
78位,,戦士,ЖエルЖⅡ,1162,5
79位,,剣士,燦燦燦燦,1160,5
80位,,剣士,栗金,1149,5
81位,,戦士,義鷹,1142,5
82位,,剣士,ナイザ,1139,5
83位,,戦士,枚方市駅,1130,5
84位,,剣士,☆鬼武者,1129,5
85位,,剣士,ヒリュー,1128,5
86位,,剣士,栗之光,1124,5
87位,,剣士,クリオ―ネ,1122,5
88位,,剣士,不動心ミノセ,1120,5
89位,,戦士,戦闘覇者,1117,5
90位,,戦士,五右衛門７世,1116,5
91位,,戦士,虐殺ｵｰﾊﾞｰﾄﾞﾗｲﾌﾞ,1115,5
92位,,戦士,ああ播磨灘,1114,5
93位,,剣士,筋弛緩剤,1111,5
94位,,戦士,ωまおω,1110,5
95位,,戦士,マクサー,1108,5
96位,,戦士,田有,1102,5
97位,,戦士,オコエ瑠偉,1101,5
98位,,戦士,ハイドチェルシー,1100,5
99位,,剣士,メゾ☆彡,1099,5
100位,,戦士,いいだた,1094,5
101位,,剣士,cool_joe,1082,5
102位,,戦士,スサノヲχ,1076,5
103位,,剣士,Tensel,1075,5
104位,,剣士,ﾄﾞﾗｺﾞﾝﾌﾙｰﾂ♪,1073,5
105位,,剣士,やわ肌,1073,5
106位,,剣士,Jack‐覇‐,1073,5
107位,,戦士,ぺろぺろぺろっぴ,1071,5
108位,,剣士,sugar_Edge,1071,5
109位,,剣士,藤原弟紅,1067,5
110位,,戦士,セヴィ・ティセス,1057,5
111位,,剣士,☆サクラ♪,1057,5
112位,,剣士,南部の王,1057,5
113位,,剣士,別腹亭,1056,5
114位,,戦士,おいしい戦士♪,1055,5
115位,,剣士,pirochan,1054,5
116位,,剣士,天皇陛下,1053,5
117位,,戦士,極臻,1052,5
118位,,剣士,lastman0214,1052,5
119位,,剣士,ギカン05,1052,5
120位,,戦士,ｸﾛﾉ・ﾄﾘｶﾞｰ,1051,5
121位,,剣士,成金遂環断玉鋼,1051,5
122位,,戦士,あさぷぅ,1047,5
123位,,戦士,ﾖﾙﾑﾝｶﾞﾝﾄﾞ,1047,5
124位,,剣士,ウワー,1047,5
125位,,戦士,ナンピン,1040,5
126位,,戦士,煩次郎,1040,5
127位,,剣士,ゆうしん,1039,5
128位,,戦士,ラクサスドレアー,1038,5
129位,,戦士,フォレスタル,1036,5
130位,,剣士,†lynus†,1036,5
131位,,戦士,Dirac,1034,5
132位,,戦士,＊チャッピー＊,1034,5
133位,,戦士,ﾌﾟﾚﾓﾙ,1032,5
134位,,戦士,shimougo,1032,5
135位,,戦士,剣聖ピエール,1031,5
136位,,剣士,バーサＦ,1031,5
137位,,剣士,hamaA,1031,5
138位,,剣士,Departures,1030,5
139位,,戦士,†かずまさ†,1028,5
140位,,剣士,SmashTexas,1026,5
141位,,剣士,のーさんｗ,1026,5
142位,,剣士,白波の焔,1024,5
143位,,戦士,mon21,1020,5
144位,,剣士,ルイス・スアレス,1020,5
145位,,戦士,ﾐﾙﾋ☆ﾎﾙｽﾀｲﾝ,1019,5
146位,,剣士,sky1,1019,5
147位,,剣士,BeginningRe,1018,5
148位,,剣士,飛田‐扉,1015,5
149位,,戦士,睡眠７２時間,1014,5
150位,,剣士,オチュアーノ,1014,5
151位,,戦士,ﾓｯｺﾛ,1013,5
152位,,戦士,Blue_Rex,1010,5
153位,,戦士,茉夏の想い,1010,5
154位,,剣士,Asunder,1010,5
155位,,戦士,むるにー,1009,5
156位,,剣士,§アーカム§,1009,5
157位,,剣士,‐アルトリウス‐,1007,5
158位,,剣士,ｓｓマン,1006,5
159位,,戦士,甲本ひろぽん,1005,5
160位,,剣士,百済二世,1005,5
161位,,戦士,boolpen,1004,5
162位,,戦士,半チャーハン大盛,1003,5
163位,,戦士,pisthoproctus,1003,5
164位,,戦士,匂坂先輩,1003,5
165位,,剣士,RTX_2060,1002,5
166位,,剣士,おっぺけぺえろい,1002,5
167位,,戦士,はげち,1000,5
168位,,戦士,チトヌ,1000,5
169位,,戦士,怒りが有頂天,1000,5
170位,,剣士,ぽこた,1000,5
171位,,剣士,ヤンガスでガス,1000,5
172位,,剣士,プリンスコン,1000,5
173位,,剣士,しゃい子～,1000,5
174位,,戦士,禿輝人,1000,0
175位,,戦士,しげるくん剣士,998,5
176位,,戦士,あきおう,998,5
177位,,戦士,ヌルハチ。,996,5
178位,,戦士,木魚０１,996,5
179位,,戦士,fumizzz,993,5
180位,,剣士,C2000,992,5
181位,,剣士,嵐のハバネロ,991,5
182位,,剣士,ﾃﾞｨｵｽ.,990,5
183位,,剣士,kenityi,988,5
184位,,剣士,栗剣次郎,988,5
185位,,戦士,農学部,987,5
186位,,戦士,デルタブルース,986,5
187位,,戦士,ｶﾐｵﾝ,985,5
188位,,剣士,仁頃,985,5
189位,,剣士,ＪOKER,983,5
190位,,剣士,アーリエス,982,2
191位,,剣士,kazzyⅠ,981,5
192位,,剣士,手厳しいモハメド,981,5
193位,,剣士,自称鬼畜派,978,5
194位,,剣士,ｲﾁｴﾝ,978,3
195位,,戦士,始まりの呼吸,977,5
196位,,戦士,DANG,977,5
197位,,剣士,はむたろさん,977,5
198位,,剣士,TERRORIZER,976,5
199位,,戦士,矛盾な無双,975,5
200位,,戦士,かなちゃんマン,975,5
201位,,戦士,洋司,974,5
202位,,剣士,超炒飯,974,5
203位,,剣士,ワーマン,974,5
204位,,戦士,エイヒレ,973,5
205位,,剣士,よしひさ,973,3
206位,,戦士,碧龍士,972,5
207位,,剣士,fumiqqq,971,5
208位,,戦士,男芸者,970,5
209位,,戦士,クラッシャーｓ,969,5
210位,,剣士,estiman,968,5
211位,,剣士,Lyzanxia,968,5
212位,,剣士,Royasun,967,5
213位,,戦士,グリーンヘイズ,967,4
214位,,剣士,ＬUＫE,966,5
215位,,剣士,ヨシオクン,965,5
216位,,剣士,傾国の剣,965,5
217位,,戦士,RockZone,964,5
218位,,戦士,経済制裁,963,5
219位,,戦士,☆微笑みマッチ☆,963,3
220位,,戦士,renjin,962,5
221位,,剣士,う～あ,962,5
222位,,戦士,パラパラレル,961,5
223位,,戦士,かな・たか,961,5
224位,,剣士,超玄人＜ぷろ＞,961,5
225位,,剣士,looxⅠ,961,5
226位,,剣士,yanchi,961,5
227位,,戦士,カタ＠青鯖,960,5
228位,,戦士,綾風κ,960,5
229位,,戦士,へんたイかめん,960,5
230位,,戦士,ｸﾞﾚｲﾃｽﾄ･ｼｮｰﾏﾝ,960,5
231位,,剣士,Sebsu,960,5
232位,,剣士,batt800,960,5
233位,,剣士,☆KABO☆,959,5
234位,,剣士,崇丸,959,5
235位,,戦士,るーちゃん？,958,5
236位,,剣士,デスコッド,958,5
237位,,剣士,フルトワ,957,5
238位,,剣士,メイシスZ,957,5
239位,,戦士,リジュール,957,2
240位,,戦士,TESTER_B,956,5
241位,,戦士,りもこん,956,5
242位,,戦士,ﾌﾞｧﾝ,956,5
243位,,剣士,猫人間先生先生,956,5
244位,,剣士,典韋。,955,5
245位,,剣士,Azabache,955,5
246位,,剣士,ずんだまん,955,3
247位,,戦士,_蒼雲_,954,5
248位,,剣士,Pharamond,954,5
249位,,戦士,コールブランド,954,4
250位,,戦士,ほら皆回せ,953,5
251位,,戦士,takakazuma,953,4
252位,,戦士,ぱぐおの娘,952,5
253位,,戦士,Re：駱駝,952,5
254位,,剣士,ﾛﾍﾞﾙﾄ･ﾏｲﾔｰ,952,5
255位,,剣士,†バレット,952,5
256位,,戦士,AutoExe,952,3
257位,,戦士,zerosensi,951,5
258位,,戦士,剣閃,951,5
259位,,戦士,城流ス鯨,951,5
260位,,戦士,†蒼天航路†,951,5
261位,,剣士,ゾルジ,951,5
262位,,戦士,GuiltyEv,951,3
263位,,戦士,ロベルト・ミモリ,950,5
264位,,戦士,Deneb_Kaitos,950,5
265位,,戦士,ぐるみ～,950,5
266位,,剣士,oputimas,950,5
267位,,剣士,ル－デンス二世,950,5
268位,,剣士,小次郎ＰＡＲＴⅡ,950,5
269位,,剣士,蒼天に願う,950,5
270位,,戦士,雪に染まる三日月,949,5
271位,,戦士,俺ﾄﾞﾗﾂｲしとくわ,949,5
272位,,剣士,ⅴ紅蓮ⅴ,949,5
273位,,戦士,ダコウ,948,5
274位,,戦士,☆ナゴ☆,948,5
275位,,戦士,†暗戦†,948,5
276位,,剣士,☆夜叉丸☆,948,5
277位,,剣士,MGCC＆剣士,948,5
278位,,戦士,編隊戦士,947,5
279位,,戦士,きぃ～,947,5
280位,,戦士,ちゃω,947,5
281位,,剣士,琴風,947,5
282位,,剣士,たぬお,947,5
283位,,剣士,たぬお改,947,5
284位,,剣士,プラネテューヌ,947,5
285位,,戦士,ｱｰｻｰ・ﾍﾟﾝﾄﾞﾗｺﾞﾝ,946,5
286位,,戦士,シップー剣,946,5
287位,,戦士,－牙櫻－,946,5
288位,,剣士,和令,946,5
289位,,剣士,クリノキンタ,946,5
290位,,剣士,栗之介,946,5
291位,,剣士,まーくん１３,946,5
292位,,剣士,TheHateCrew,946,2
293位,,戦士,†大和ゆきむら,945,5
294位,,戦士,CodeGeass,945,5
295位,,剣士,回転剣士,945,5
296位,,剣士,〓大和桜〓,945,5
297位,,剣士,ヴェンジェンス,945,5
298位,,剣士,必殺一刀斎,945,5
299位,,戦士,ｽﾌﾟｰﾄﾆｸ,944,5
300位,,戦士,つぁま～,944,5
301位,,剣士,嵐の剣士DX,944,5
302位,,剣士,ベガⅩ,944,5
303位,,剣士,二天童子,944,5
304位,,剣士,ザンシン,944,0
305位,,戦士,デビルマン†,943,5
306位,,戦士,イケメン♂,943,5
307位,,剣士,MacaroniWestern,943,5
308位,,剣士,塩こん部長,943,5
309位,,剣士,Mopst,943,5
310位,,戦士,とげツイ,942,5
311位,,戦士,ReSeptWar,942,5
312位,,剣士,300t,942,5
313位,,剣士,Jack‐祖‐,942,5
314位,,剣士,♯♯アキラ♯,942,5
315位,,剣士,ⅹ百夜ⅹ,942,0
316位,,戦士,倉之助剣士２,941,5
317位,,戦士,洸雪,941,5
318位,,戦士,BOKU,941,5
319位,,戦士,まめてぃ,941,5
320位,,戦士,BloodyWarrior,941,5
321位,,戦士,シンイチつめたい,941,5
322位,,戦士,…NINJA…,941,5
323位,,戦士,Amanda9,941,5
324位,,戦士,ﾗｲﾝﾊﾙﾄｳﾞｧﾝｱｽﾄﾚｱ,941,5
325位,,戦士,†Bullet,941,5
326位,,剣士,fuukachan,941,5
327位,,剣士,MetorudoⅡ,941,5
328位,,剣士,あきかぜの便り,941,5
329位,,剣士,景虎2nd,941,5
330位,,剣士,ｱﾆﾘｿ,941,5
331位,,剣士,ファーレンハルト,941,5
332位,,剣士,ファナトス,941,5
333位,,戦士,Eltanin,940,5
334位,,剣士,ハデン,940,5
335位,,剣士,ソーヅマン,940,5
336位,,剣士,硬派銀次郎,940,0
337位,,戦士,快楽丸出し之助,939,5
338位,,戦士,Gmail,939,5
339位,,戦士,天の戸美稲,939,5
340位,,戦士,￡D4C￡,939,5
341位,,戦士,Dファイター,939,5
342位,,剣士,ぽてちホーン☆,939,5
343位,,剣士,クリノニック,939,5
344位,,剣士,ﾊﾞﾅﾅﾁｯﾌﾟｽ･ﾗﾌﾞ,939,5
345位,,剣士,飛竜在天,939,5
346位,,戦士,剣ポイット,939,4
347位,,剣士,☆RIO【愛】☆,939,0
348位,,戦士,†グラン,938,5
349位,,戦士,じろうまるβ１,938,5
350位,,戦士,ライブリー,938,5
351位,,戦士,ｶﾋﾞｨ,938,5
352位,,戦士,‐ナイトハルト‐,938,5
353位,,戦士,あきかん,938,5
354位,,剣士,иоFⅹ,938,5
355位,,剣士,valox,938,1
356位,,戦士,れなにゃん,937,5
357位,,戦士,☆ランスロット☆,937,5
358位,,戦士,paku♂paku,937,5
359位,,戦士,BLACKRｘ,937,5
360位,,戦士,☆髑髏の騎士☆,937,5
361位,,剣士,だこてぃん1号,937,5
362位,,剣士,がんばっぺ！東北,937,5
363位,,剣士,矛盾な戦士,937,5
364位,,剣士,ﾄﾞﾗｸﾛ,937,5
365位,,剣士,都筑ケンシロ,937,0
366位,,戦士,みるくさん,936,5
367位,,戦士,でしょうね。,936,5
368位,,剣士,Aiaiの弟子,936,5
369位,,剣士,The2ndRunner,936,5
370位,,剣士,ハニワックス,936,5
371位,,剣士,ぬこ先生☆,936,5
372位,,戦士,§終焉の使者§,936,4
373位,,戦士,Lars_Ulrich,935,5
374位,,戦士,風を食む,935,5
375位,,戦士,＠ロバ＠,935,5
376位,,戦士,聖騎士：BAIO,935,5
377位,,戦士,R＃1,935,5
378位,,戦士,カルボナーラ１世,935,5
379位,,剣士,ｽﾀｰｽｸﾘｰﾑ,935,5
380位,,剣士,ジュキール,935,5
381位,,剣士,∮日章旗∮,935,5
382位,,剣士,入力してください,935,5
383位,,剣士,ザッピー,935,5
384位,,戦士,ブラスト◇,934,5
385位,,戦士,イケメン龍撃,934,5
386位,,戦士,amazon赤石,934,5
387位,,剣士,変態紳士♪,934,5
388位,,剣士,ぷっつんけんすぃ,934,5
389位,,剣士,ふしぎ遊戯,934,3
390位,,剣士,おろちん,934,0
391位,,戦士,まがついかるが,933,5
392位,,戦士,みぃちゃん。,933,5
393位,,剣士,有田ﾖｼﾌｽﾀｰﾘﾝ,933,5
394位,,剣士,濃いカルピス,933,5
395位,,剣士,レグランス,933,5
396位,,剣士,源鎮西八郎為友,933,5
397位,,剣士,はみる㌧,933,5
398位,,剣士,かりん様→,933,4
399位,,戦士,NITＲ,933,3
400位,,戦士,ＧＯＤＷＡＴＥＲ,932,5
401位,,戦士,我われふ,932,5
402位,,戦士,リトルフラワー＋,932,5
403位,,剣士,SSマン,932,5
404位,,剣士,クリノソード,932,5
405位,,剣士,並盛,932,5
406位,,剣士,〆DS〆,932,5
407位,,戦士,かった→,931,5
408位,,戦士,ルドウィーク,931,5
409位,,戦士,Wstates,931,5
410位,,戦士,ゾルダート,931,5
411位,,戦士,†鋼塊†,931,5
412位,,剣士,ロビリリー,931,5
413位,,剣士,投げ剣士,931,5
414位,,剣士,hinoe,931,5
415位,,剣士,いおた,931,3
416位,,戦士,Ⅹ光陣Ⅹ,930,5
417位,,戦士,§REBECCA,930,5
418位,,戦士,フレイムクラスト,930,5
419位,,剣士,PRINCEROSE,930,5
420位,,戦士,てっぽうだま,930,3
421位,,戦士,オルディウス,930,0
422位,,戦士,せらち,929,5
423位,,戦士,ルグちゃん,929,5
424位,,戦士,カンボジア人,929,5
425位,,剣士,garaxy_stars,929,5
426位,,剣士,G_GUNDAM,929,5
427位,,剣士,†靖国神社†,929,5
428位,,剣士,☆超円高時代☆,929,5
429位,,剣士,らくしゃす,929,5
430位,,戦士,青龍ブルースカイ,928,5
431位,,戦士,漆黒のおじさん,928,5
432位,,戦士,蒼天ブルースカイ,928,5
433位,,戦士,「EITO」,928,5
434位,,剣士,蕉風臘月,928,5
435位,,剣士,ジョーラム,928,5
436位,,剣士,タイプＲＳ,928,5
437位,,剣士,新夢幻流☆,928,5
438位,,剣士,Pioneer０,928,5
439位,,戦士,ゾナー,928,4
440位,,剣士,ぐるぐるグリマー,928,2
441位,,戦士,アオルリ,927,5
442位,,戦士,がじぇ1,927,5
443位,,戦士,☆妖菰☆,927,5
444位,,剣士,コンサバ系,927,5
445位,,剣士,下チェナ,927,5
446位,,剣士,＊Takahito♪,927,5
447位,,剣士,ｸﾗｲ剣士,927,5
448位,,剣士,わさビーフ,927,4
449位,,戦士,ﾀﾞｰﾋﾞｰｽﾀﾘｵﾝ,927,3
450位,,戦士,Ⅹ陣影Ⅹ,926,5
451位,,戦士,ゴディアス,926,5
452位,,戦士,アレフガルド☆,926,5
453位,,戦士,いちろくありすと,926,5
454位,,戦士,キノールラザ,926,5
455位,,戦士,Alsuto,926,5
456位,,戦士,コントレィル,926,5
457位,,剣士,ななちー７,926,5
458位,,剣士,ψ限界LOVERSψ,926,5
459位,,剣士,路傍の落葉,926,5
460位,,剣士,霧切,926,5
461位,,剣士,ミオツクシ,926,5
462位,,剣士,ぎつ兄,926,5
463位,,剣士,tabaken,926,5
464位,,剣士,☆☆‡剛拳‡☆☆,926,4
465位,,戦士,３２歳童貞無職,926,3
466位,,戦士,ｶﾁｬｶﾁｬ言わす,926,2
467位,,戦士,クロノブレイク,925,5
468位,,戦士,パーラメント１,925,5
469位,,戦士,＄アキレス＄,925,5
470位,,戦士,希望の騎士,925,5
471位,,戦士,芋けんぴー,925,5
472位,,戦士,全国労働組合大将,925,5
473位,,剣士,ⅹ弥彦ⅹ,925,5
474位,,剣士,ななちー,925,5
475位,,剣士,エリート兵,925,5
476位,,剣士,kuji2,925,5
477位,,剣士,マサタ,925,5
478位,,剣士,ザイレックス,925,1
479位,,戦士,輝ける星,925,0
480位,,戦士,目が回る,924,5
481位,,戦士,ー遊多ー,924,5
482位,,戦士,ファントムガノン,924,5
483位,,戦士,？君,924,5
484位,,戦士,鉄壁の无,924,5
485位,,剣士,sｉkｉ,924,5
486位,,剣士,牙神幻十朗,924,5
487位,,剣士,∵カルパス∵,924,5
488位,,剣士,カルパーサ,924,5
489位,,戦士,シヴィルア,923,5
490位,,戦士,工口剣士,923,5
491位,,戦士,トモタロ,923,5
492位,,剣士,永倉,923,5
493位,,剣士,ume_power,923,5
494位,,剣士,長野業正,923,5
495位,,剣士,刹那ＧＤＸ,923,5
496位,,剣士,よっぱ雷蔵,923,4
497位,,剣士,haseyan,923,1
498位,,戦士,mataichi,922,5
499位,,戦士,ハルジオン＠,922,5
500位,,戦士,あり＠rubbish,922,5
501位,,戦士,§ﾄｩｰｽ§,922,5
502位,,戦士,Lassi6,922,5
503位,,戦士,東雲龍,922,5
504位,,戦士,円卓の神,922,5
505位,,戦士,Just_Blue,922,5
506位,,戦士,抹茶団子,922,5
507位,,剣士,ホボストケレス,922,5
508位,,剣士,游雲,922,5
509位,,剣士,イッチッチー,922,5
510位,,剣士,ムウラ,922,5
511位,,剣士,敵刺す,922,5
512位,,剣士,doughty,922,5
513位,,剣士,hato799,922,5
514位,,剣士,sorara,922,5
515位,,戦士,からす＠デリ,922,2
516位,,剣士,佐伯龍一郎,922,1
517位,,戦士,ガミガミ教暴徒,921,5
518位,,戦士,ξつーたんξ,921,5
519位,,戦士,パロトン,921,5
520位,,戦士,Maverick☆彡,921,5
521位,,戦士,Balenciaga。,921,5
522位,,剣士,鹿を叱る！,921,5
523位,,剣士,〆DS２〆,921,5
524位,,剣士,じゅん麒,921,5
525位,,剣士,hirohiro♪,921,5
526位,,戦士,狂剣士Ver1．1,921,4
527位,,戦士,野菜人ζ,921,0
528位,,戦士,野菜人τ,921,0
529位,,戦士,ｶﾝ･ｼﾞｬﾝ･ｹ･ｼﾞｬﾝ,920,5
530位,,戦士,ζ豹馬ζ,920,5
531位,,戦士,oドララo,920,5
532位,,戦士,∵たっちゃん∴,920,5
533位,,戦士,かおちゃﾏﾝ,920,5
534位,,戦士,文化の真髄,920,5
535位,,戦士,guynn,920,5
536位,,剣士,緑鬼,920,5
537位,,剣士,§kenichi§,920,5
538位,,剣士,グルーヴ０１,920,5
539位,,剣士,yoriji,920,5
540位,,剣士,＋†よはん†＋,920,5
541位,,剣士,しまじろうマン,920,5
542位,,剣士,ぐれないと,920,5
543位,,剣士,ぴ。,920,5
544位,,剣士,メトン,920,5
545位,,剣士,かぉちゃマン,920,5
546位,,剣士,§真・紅神§,920,5
547位,,剣士,JacksonVibe,920,3
548位,,戦士,ＧＡＬＩＬＥＯ,920,0
549位,,戦士,ﾏﾅﾅｰﾝ・ﾏｸﾘｰﾙⅤ,919,5
550位,,戦士,戦士犬神・明,919,5
551位,,戦士,☆岳飛☆,919,5
552位,,戦士,朱鷺坂,919,5
553位,,戦士,抹茶アイスバー,919,5
554位,,戦士,るーちゃん☆彡,919,5
555位,,剣士,～天使の恋～,919,5
556位,,剣士,デッカード・S,919,5
557位,,剣士,§サスケ,919,5
558位,,剣士,Sunny三歩,919,5
559位,,剣士,聖剣士ろば,919,5
560位,,戦士,いかっぴー,919,4
561位,,剣士,Oncidium,919,4
562位,,剣士,紅蓮の帝王,919,2
563位,,剣士,きゃべっつ,919,0
564位,,戦士,ケラウノス,918,5
565位,,戦士,Malik,918,5
566位,,戦士,しょうた王,918,5
567位,,戦士,FortuneFaded,918,5
568位,,戦士,本刀,918,5
569位,,戦士,銅鑼右左衛門,918,5
570位,,戦士,＄つるぎの舞＄,918,5
571位,,戦士,アンサンＮｘ,918,5
572位,,剣士,mori3232,918,5
573位,,剣士,銀河の雀,918,5
574位,,剣士,Garahad,918,5
575位,,剣士,ｾｽﾅ07,918,5
576位,,剣士,naghtking,918,5
577位,,剣士,ぶーーじろう,918,5
578位,,剣士,merai,918,5
579位,,剣士,マグロ極上ニ貫,918,5
580位,,剣士,ボズ,918,5
581位,,剣士,縁一,918,4
582位,,剣士,リシュエル,918,4
583位,,戦士,ｸﾛﾉｽ・ｽﾊﾟｲﾗﾙ,918,0
584位,,剣士,地球岬,918,0
585位,,戦士,UMUxHunter,917,5
586位,,戦士,ExJerrybean,917,5
587位,,戦士,けんしですん,917,5
588位,,戦士,Parasurama,917,5
589位,,戦士,オシリジル,917,5
590位,,戦士,♪バカボン♪,917,5
591位,,戦士,初代政宗,917,5
592位,,戦士,れいんぼーマン,917,5
593位,,戦士,・・鋼牙・・,917,5
594位,,戦士,BackstreetⅠ,917,5
595位,,戦士,シドちゃ,917,5
596位,,戦士,世界史上最弱剣士,917,5
597位,,剣士,Dｒ．ｋ,917,5
598位,,剣士,パッパラ剣san,917,5
599位,,剣士,ミートテック,917,5
600位,,戦士,△聖帝サウザー△,917,3
601位,,戦士,J100G,917,3
602位,,戦士,鄧艾士載,917,3
603位,,剣士,錻力の玩具,917,2
604位,,戦士,チキンと呼ばせﾅｲ,916,5
605位,,戦士,Dr．Nail,916,5
606位,,戦士,クッキー◇,916,5
607位,,戦士,オネス,916,5
608位,,剣士,ボンズ浩洋,916,5
609位,,剣士,ルシスSSS,916,5
610位,,剣士,koyamax,916,5
611位,,剣士,Iceblastmega,916,5
612位,,剣士,謀略の騎士団,916,5
613位,,剣士,†KanyeWest†,916,5
614位,,剣士,☆ターボくん,916,4
615位,,剣士,量産型彼氏,916,4
616位,,戦士,くるくるきばっち,916,2
617位,,戦士,†銀蓮†,916,0
618位,,戦士,micya－戦,915,5
619位,,戦士,すとれーじ南,915,5
620位,,戦士,☆☆サム,915,5
621位,,戦士,１６８。,915,5
622位,,戦士,RYORYO,915,5
623位,,戦士,ツタンカー麺,915,5
624位,,戦士,ジョニーラモーン,915,5
625位,,剣士,じょん丸,915,5
626位,,剣士,☆リカちゃん☆,915,5
627位,,剣士,iphone999,915,5
628位,,剣士,secret_fencer,915,5
629位,,剣士,長曾祢虎徹,915,5
630位,,剣士,たこちんポン,915,5
631位,,剣士,えるもあR,915,5
632位,,剣士,糸工蓮,915,5
633位,,剣士,まっちんζ,915,5
634位,,剣士,＠来栖＠,915,5
635位,,剣士,ヴィンスモーク,915,5
636位,,剣士,TomToby,915,5
637位,,剣士,ｐ５４６,915,5
638位,,剣士,ﾌﾟﾚｯｼｭ,915,5
639位,,剣士,BwnBwnTOM,915,5
640位,,剣士,ミレンニアム,915,5
641位,,剣士,☆アシュパム☆,915,4
642位,,剣士,4B11,915,3
643位,,剣士,死神閻王,915,3
644位,,剣士,隣の山田ちゃん,915,1
645位,,剣士,セネカ03,915,1
646位,,戦士,軽戦士,914,5
647位,,戦士,テトメト,914,5
648位,,戦士,ましゃん,914,5
649位,,戦士,Ravage,914,5
650位,,戦士,浜崎家の金庫,914,5
651位,,戦士,153days,914,5
652位,,戦士,A22e,914,5
653位,,戦士,ルーフィ,914,5
654位,,剣士,いかちん！ポン,914,5
655位,,剣士,KИPEHEHKO‐04,914,5
656位,,剣士,§ピークんⅡ§,914,5
657位,,剣士,極剣,914,5
658位,,剣士,∞アスナ∞,914,5
659位,,剣士,ドリトスかなしい,914,5
660位,,剣士,kenji916,914,5
661位,,剣士,ZensanⅦ,914,5
662位,,剣士,のりたろう,914,5
663位,,剣士,ｲｵﾝﾌﾞﾛｫｯｸ！,914,4
664位,,剣士,ビーナスフォート,914,0
665位,,剣士,セネカ10,914,0
666位,,戦士,ザッハの騎士,913,5
667位,,戦士,どうなんです,913,5
668位,,戦士,むささびー☆,913,5
669位,,戦士,牛に願いよ,913,5
670位,,戦士,ﾋﾞﾀﾞﾙ,913,5
671位,,戦士,尻蹴,913,5
672位,,戦士,全螺,913,5
673位,,戦士,こいちゃんの騎士,913,5
674位,,戦士,ヒ～タン,913,5
675位,,戦士,真・くまっちょ,913,5
676位,,戦士,魔剣士レドナ,913,5
677位,,剣士,BISを護衛するｻﾏﾅ,913,5
678位,,剣士,決断,913,5
679位,,剣士,金髪くん,913,5
680位,,剣士,きゃすばる兄さん,913,5
681位,,剣士,キョロﾁｬﾝ,913,5
682位,,剣士,げらると,913,5
683位,,剣士,ΨbegaΨ,913,5
684位,,剣士,祢祢切丸,913,5
685位,,剣士,LiveGenic,913,5
686位,,剣士,すぎもん。,913,5
687位,,剣士,㍼ちょきんぎょ,913,4
688位,,剣士,AppleButter☆,913,4
689位,,戦士,伊達マサムネ,913,3
690位,,戦士,飢刃,913,2
691位,,剣士,エレンディル☆,913,1
692位,,剣士,ボロミア＊,913,1
693位,,剣士,ぐす戦士07,913,0
694位,,戦士,夕景の記憶,912,5
695位,,戦士,ちゅんちゅん丸,912,5
696位,,戦士,でろんぎ,912,5
697位,,剣士,団長SUNHANA,912,5
698位,,剣士,寿君♪,912,5
699位,,剣士,Commodus,912,5
700位,,剣士,剣士㈱,912,5
701位,,剣士,無双列伝,912,5
702位,,剣士,マクシモス,912,5
703位,,戦士,双極騎士,912,4
704位,,戦士,㌧㌧日野の２０㌧,912,4
705位,,剣士,Daigo55,912,4
706位,,戦士,霜月牛丸,912,3
707位,,戦士,えこだ海人,912,3
708位,,戦士,ルビーロ,911,5
709位,,戦士,わさび玉♪,911,5
710位,,戦士,強炭酸水xレモン,911,5
711位,,戦士,＠＠みかりん＠＠,911,5
712位,,戦士,怒りゲンドウ,911,5
713位,,戦士,水鏡凍季也,911,5
714位,,剣士,わたぬき,911,5
715位,,剣士,トルテの騎士,911,5
716位,,剣士,迷走コケコ,911,5
717位,,剣士,§カキピー,911,5
718位,,剣士,COLDBREWED,911,5
719位,,剣士,hiroshi3,911,5
720位,,剣士,§宮本武蔵§,911,5
721位,,剣士,満天星風☆彡,911,5
722位,,剣士,qxueen,911,5
723位,,剣士,ahonosin,911,5
724位,,戦士,クリノゼット,911,4
725位,,剣士,けいぼｰ,911,4
726位,,剣士,ψ富士山ψ,911,4
727位,,剣士,未来悟朗,911,4
728位,,剣士,御暇公,911,4
729位,,戦士,逆挟み,911,3
730位,,戦士,笑ゥせぇるすMan,911,3
731位,,戦士,ぐび生かるび,911,3
732位,,剣士,ｼﾞｭﾗｼｯｸ木澤ULT,911,3
733位,,戦士,seanes,911,2
734位,,剣士,ｶﾔｯｸﾌｨｯｼﾝｸﾞ,911,2
735位,,剣士,palcipal,911,1
736位,,剣士,☆牽牛星☆,911,0
737位,,戦士,sbrm,910,5
738位,,戦士,emg4169,910,5
739位,,戦士,ﾌﾞﾙｰﾀﾙﾊﾞｰｻｰｶｰ,910,5
740位,,戦士,RS退役軍人A,910,5
741位,,戦士,hirominia,910,5
742位,,戦士,◇ぶるー,910,5
743位,,戦士,百鬼夜行†,910,5
744位,,戦士,†flos,910,5
745位,,戦士,NEMRLESS,910,5
746位,,戦士,にんにくスライス,910,5
747位,,戦士,ルルーガ,910,5
748位,,戦士,♂秘宝♂,910,5
749位,,戦士,アイカツおじさん,910,5
750位,,剣士,☆関羽☆雲長☆,910,5
751位,,剣士,お尻のまんたん,910,5
752位,,剣士,CraigDavid,910,5
753位,,剣士,剣ちゃま☆,910,5
754位,,剣士,クレイジーソルト,910,5
755位,,剣士,どど童貞ちゃうわ,910,5
756位,,剣士,～波の行く先～,910,5
757位,,剣士,フランソワージュ,910,5
758位,,剣士,Ｐui之進,910,5
759位,,戦士,くまうま,910,4
760位,,剣士,剣豪かず,910,4
761位,,剣士,ﾊｻｷｨｨｨｨ,910,4
762位,,戦士,赤兎之剣,910,3
763位,,戦士,メタルハマジ,910,2
764位,,戦士,ぐるぐるバット,910,2
765位,,戦士,hatu2,910,1
766位,,戦士,侃π尤,910,1
767位,,戦士,芋洗坂厳流斎重國,910,0
768位,,剣士,よっぴT,910,0
769位,,剣士,ランジェレイス,910,0
770位,,戦士,コットン10000％,909,5
771位,,戦士,セフトリアキソン,909,5
772位,,戦士,Petraa,909,5
773位,,戦士,東方不敗Ⅱ,909,5
774位,,戦士,中将,909,5
775位,,戦士,ヘラクレスマン,909,5
776位,,戦士,ﾄﾗﾝｷﾗｲｻﾞｰver2,909,5
777位,,戦士,グラーフアイゼン,909,5
778位,,戦士,アイルル,909,5
779位,,戦士,五右衛門３世,909,5
780位,,戦士,はねまん,909,5
781位,,戦士,リーゼントマン,909,5
782位,,戦士,ﾃﾝﾃﾝ。,909,5
783位,,剣士,破邪鼠,909,5
784位,,剣士,黒影の騎士,909,5
785位,,剣士,ⅹムサシⅹ,909,5
786位,,剣士,しょこらぷりん,909,5
787位,,剣士,五右ェ門,909,5
788位,,剣士,ポテトヘッド男爵,909,5
789位,,剣士,酔ってます,909,5
790位,,剣士,鷹の団長ｸﾞﾘﾌｨｽ,909,5
791位,,剣士,χ伝χ,909,5
792位,,剣士,煌怜,909,4
793位,,剣士,大剣豪侍,909,4
794位,,剣士,ぱなぽ弐,909,4
795位,,剣士,ガンソルト,909,4
796位,,剣士,うりK,909,3
797位,,戦士,床ドン戦士,909,2
798位,,剣士,☆NAVITIME,909,2
799位,,剣士,Luccafort,909,1
800位,,剣士,まんだむ。,909,1
801位,,剣士,塩ひとつまみ,909,0
802位,,戦士,鋼の無一郎,908,5
803位,,戦士,BUNONG,908,5
804位,,戦士,一つ家,908,5
805位,,戦士,MercyⅥ,908,5
806位,,戦士,2no38,908,5
807位,,戦士,ドラツイおじさん,908,5
808位,,戦士,月侍,908,5
809位,,戦士,Epoxy,908,5
810位,,戦士,あずー☆,908,5
811位,,戦士,どらついです,908,5
812位,,戦士,夜血,908,5
813位,,戦士,黒猫δ戦士,908,5
814位,,戦士,志村新八2,908,5
815位,,戦士,1140,908,5
816位,,戦士,スナイパー林,908,5
817位,,戦士,火遠理命,908,5
818位,,剣士,よわよわまん,908,5
819位,,剣士,マッパ・ムンディ,908,5
820位,,剣士,Ｄｒジャッカル,908,5
821位,,剣士,金狼キムド☆彡,908,5
822位,,剣士,柴千春,908,5
823位,,剣士,smrsm,908,5
824位,,剣士,ﾊｶﾀﾗｰﾒﾝ,908,5
825位,,剣士,ｶﾒﾛﾝ,908,5
826位,,剣士,BaaBoo,908,5
827位,,剣士,BAIOsamurai,908,5
828位,,剣士,yuzuri8,908,5
829位,,剣士,lonelywarrior,908,5
830位,,剣士,あさかん,908,5
831位,,剣士,kazu0325,908,5
832位,,剣士,おやしろさまRT,908,5
833位,,戦士,S50C,908,4
834位,,戦士,ｻﾞﾝ！,908,4
835位,,剣士,White_tornado,908,4
836位,,剣士,南大東島,908,3
837位,,剣士,べろべろぺろっぴ,908,3
838位,,戦士,M・yosyua,908,0
839位,,剣士,碧閻,908,0
840位,,剣士,moderatebreeze,908,0
841位,,戦士,カッチン鋼,907,5
842位,,戦士,ψけいたんψ,907,5
843位,,戦士,ワーグノスの地,907,5
844位,,戦士,ポコなっつ,907,5
845位,,戦士,ギリガン,907,5
846位,,戦士,月ヨノ,907,5
847位,,戦士,TheSpada,907,5
848位,,戦士,ぜんまい侍♪,907,5
849位,,戦士,ナイトメア侯爵,907,5
850位,,剣士,浜かず,907,5
851位,,剣士,10432,907,5
852位,,剣士,キメジェス,907,5
853位,,剣士,ｼｱﾄﾙﾛｰｽﾄ,907,5
854位,,剣士,－疵－,907,5
855位,,剣士,インスタ映え,907,5
856位,,剣士,USA大山,907,5
857位,,剣士,グライダ,907,5
858位,,剣士,ЖジュウザЖ,907,5
859位,,剣士,ジャン・ケン,907,5
860位,,剣士,がんたろう2,907,5
861位,,戦士,つばめおじ,907,4
862位,,戦士,桜剣士,907,4
863位,,戦士,∥クラトス∥,907,4
864位,,戦士,dewpointA,907,4
865位,,剣士,☆☆剛剣☆☆,907,4
866位,,剣士,たまドラ,907,4
867位,,戦士,ヴァン・カーラ,907,3
868位,,戦士,ウラノス卍ガイア,907,3
869位,,戦士,ｶﾞｰﾃﾞﾝﾘﾃﾞｨｱ,907,3
870位,,剣士,†Ｒｅｙ†,907,3
871位,,剣士,デビルマンEND,907,2
872位,,戦士,tamatamatanaka,907,0
873位,,戦士,ｸﾛﾉｽ・ｼﾞｮｳﾝﾀｰ,907,0
874位,,戦士,MONO消しゴム,906,5
875位,,戦士,魔法撃てるで,906,5
876位,,戦士,穢夜,906,5
877位,,戦士,サフィリンΩ,906,5
878位,,戦士,闘志天翔,906,5
879位,,剣士,佐々佐（たすく）,906,5
880位,,剣士,CIVICFERIO,906,5
881位,,剣士,貧弱戦士,906,5
882位,,剣士,komtan,906,5
883位,,剣士,15joke,906,5
884位,,剣士,X甘寧X,906,5
885位,,剣士,くおーつ,906,5
886位,,戦士,傘射屋,906,4
887位,,戦士,Riksyy,906,4
888位,,剣士,ガ－コ,906,4
889位,,戦士,すかい戦士,906,3
890位,,戦士,流れ☆銀,906,3
891位,,戦士,銅螺墜,906,3
892位,,剣士,ポンジ先輩,906,3
893位,,戦士,☆天戟☆,906,2
894位,,戦士,CV：,906,2
895位,,戦士,みぃきゅん,906,2
896位,,剣士,マッスルサイトウ,906,1
897位,,剣士,糸色文寸令頁士或,906,0
898位,,戦士,水霧,905,5
899位,,戦士,戦MAX,905,5
900位,,戦士,よんぱち,905,5
901位,,戦士,CameronChamp,905,5
902位,,戦士,HINANA,905,5
903位,,戦士,tttooommm,905,5
904位,,戦士,mantis,905,5
905位,,戦士,norick9,905,5
906位,,剣士,復帰勢156,905,5
907位,,剣士,莉兎゜,905,5
908位,,剣士,ｶﾓﾒｶﾓﾒｶﾁﾝｶﾁﾝ,905,5
909位,,剣士,RismoLoire,905,5
910位,,剣士,葛葉恭司,905,5
911位,,剣士,まーたま,905,5
912位,,戦士,浪漫チック,905,4
913位,,戦士,Ark_Rey,905,4
914位,,戦士,鏡なでしこ,905,3
915位,,戦士,タトゥーラ,905,3
916位,,剣士,シャインマスカッ,905,3
917位,,剣士,フルポン侍Ｇ,905,3
918位,,剣士,ベクレム,905,1
919位,,剣士,龍火人,905,0
920位,,戦士,ま～る☆ぼろ,904,5
921位,,戦士,まさるです。,904,5
922位,,戦士,戦国武将BAIO,904,5
923位,,戦士,Neuhaus,904,5
924位,,戦士,カロネット,904,5
925位,,戦士,iNteL。,904,5
926位,,戦士,蒼之助,904,5
927位,,剣士,ΞザインΞ,904,5
928位,,剣士,ハリーセン,904,5
929位,,剣士,チャー剣,904,5
930位,,剣士,インプ・アエラス,904,5
931位,,剣士,地球環境防衛隊,904,5
932位,,剣士,ﾃﾚﾝ・ド・ﾉｱ,904,5
933位,,剣士,SEED,904,5
934位,,剣士,さん・む～ん,904,5
935位,,剣士,張コウ,904,5
936位,,戦士,HerculeGalois,904,4
937位,,戦士,Vintage_Crop,904,4
938位,,戦士,ふばつ,904,4
939位,,戦士,バスコダガマ蛙轟,904,3
940位,,戦士,モルぺこ,904,3
941位,,剣士,グレンダール,904,3
942位,,剣士,エアルガルド,904,2
943位,,戦士,ジェネェリック,904,1
944位,,戦士,ｱﾌﾞﾗｶﾀﾌﾞﾗ,904,1
945位,,剣士,超ﾛﾘｺﾝ,904,1
946位,,戦士,ゼロブラッド,904,0
947位,,剣士,ジェイサー,904,0
948位,,剣士,☆さいたろう,904,0
949位,,戦士,碧の騎士,903,5
950位,,戦士,口だけ番長,903,5
951位,,戦士,ゆあんみつ,903,5
952位,,戦士,黄猿,903,5
953位,,戦士,心之助。,903,5
954位,,戦士,どどぼんぐ,903,5
955位,,戦士,シコルスキーⅡ世,903,5
956位,,戦士,特別学級の山田,903,5
957位,,戦士,♪ルグ♪,903,5
958位,,戦士,インテリー,903,5
959位,,剣士,マサモリ,903,5
960位,,剣士,しもっふ,903,5
961位,,戦士,ﾘｽｷｰﾀﾞｲｽ,903,4
962位,,戦士,サメハダー,903,4
963位,,剣士,クリノゾーン,903,4
964位,,剣士,創造主ルシファー,903,4
965位,,戦士,ファルケナーゼ,903,3
966位,,戦士,蛍嵐,903,3
967位,,剣士,Despo,903,3
968位,,剣士,男種撒三郎,903,3
969位,,剣士,Fafneil,903,3
970位,,剣士,イアイアン,903,3
971位,,剣士,Dsite,903,1
972位,,剣士,ﾀﾞｰｸｿﾙｼﾞｬｰ,903,1
973位,,戦士,富豪マン,903,0
974位,,剣士,DragonVanguard,903,0
975位,,戦士,ブリオッシュサン,902,5
976位,,戦士,ホフラン,902,5
977位,,戦士,sakaguchi,902,5
978位,,戦士,はるみょん,902,5
979位,,戦士,ハルシオンV,902,5
980位,,戦士,ｷｬﾊﾞﾀﾞｰｸ,902,5
981位,,戦士,どにお,902,5
982位,,戦士,ぽこまる。,902,5
983位,,戦士,しーば,902,5
984位,,戦士,鶯茶,902,5
985位,,戦士,恐怖症おぢさん,902,5
986位,,戦士,ｼｭｳﾞｧﾙﾂｪﾚｰｹﾞﾝ,902,5
987位,,剣士,employee,902,5
988位,,剣士,NoahCharlotte,902,5
989位,,剣士,ｻﾄﾞｯﾌﾟ,902,5
990位,,剣士,もち丸,902,5
991位,,剣士,最強STRONGER,902,5
992位,,剣士,エスブレ,902,5
993位,,剣士,ちょくろ．,902,5
994位,,剣士,BillTake,902,5
995位,,剣士,最終皇帝♂,902,5
996位,,剣士,鬼レモン,902,5
997位,,剣士,針☆,902,5
998位,,剣士,ホラフキ王,902,5
999位,,戦士,朝☆寝坊,902,4
