1位,,悪魔,えんまねこ,1552,5
2位,,ネクロマンサー,いぼぼ,1455,5
3位,,悪魔,狼獄,1398,5
4位,,悪魔,Almagest,1384,5
5位,,悪魔,魔法の壁,1359,5
6位,,悪魔,か～ら,1345,5
7位,,悪魔,濁湯馬鈴薯,1335,5
8位,,ネクロマンサー,Bくま,1231,5
9位,,悪魔,幻魔狼士,1228,5
10位,,悪魔,ﾋﾟｰｽ☆,1212,5
11位,,悪魔,よなくま,1189,5
12位,,悪魔,Xx晴れのち焦げxX,1158,5
13位,,悪魔,DohnaDohna,1123,5
14位,,ネクロマンサー,BlackBoss,1102,5
15位,,悪魔,魔王アリエル,1076,5
16位,,悪魔,伏魔殿に眠る少女,1061,0
17位,,ネクロマンサー,アスモデナイス,1052,5
18位,,悪魔,でびぃ夫人,1050,5
19位,,悪魔,いじゅりーぬ,1050,5
20位,,悪魔,権謀術数,1046,5
21位,,悪魔,ね、くろちゃん,1043,5
22位,,悪魔,ｲｾﾘｱ・ｸｲｰﾝ,1036,5
23位,,ネクロマンサー,あずも,1027,5
24位,,悪魔,ターメリック。,1026,5
25位,,悪魔,クイーン・アオイ,1025,5
26位,,悪魔,柔らかい餅,1005,5
27位,,悪魔,げんこつ隊長,1002,5
28位,,ネクロマンサー,あいモモン,1002,5
29位,,ネクロマンサー,AJuMi,1002,5
30位,,悪魔,ダーダン,1001,5
31位,,悪魔,ﾉﾝｶﾌｪｲﾝｺｰﾋｰ,1001,5
32位,,悪魔,白南天,998,5
33位,,ネクロマンサー,くろちゃん♪,994,5
34位,,ネクロマンサー,Ф青大和Ф,991,5
35位,,悪魔,merva,987,5
36位,,悪魔,高所シリーズの人,985,5
37位,,ネクロマンサー,へそげボンバー,985,5
38位,,ネクロマンサー,SALUさん,984,5
39位,,ネクロマンサー,コゲミ,980,5
40位,,悪魔,兎恋,975,5
41位,,悪魔,騒速倶利伽羅,974,5
42位,,悪魔,刻印された悪魔,972,5
43位,,悪魔,ケセネ,971,5
44位,,悪魔,NAGON_P,971,5
45位,,悪魔,地獄花,971,5
46位,,ネクロマンサー,にゃ～♪,971,5
47位,,悪魔,PelicanRobot,967,5
48位,,ネクロマンサー,John_Necramancer,965,5
49位,,悪魔,おっぱい係,963,5
50位,,悪魔,ひろぽんnecro,963,5
51位,,ネクロマンサー,ｼﾞｪｲｺﾌﾞｽﾞﾗﾀﾞｰ,963,5
52位,,ネクロマンサー,愛々,963,5
53位,,悪魔,TATTVA,962,5
54位,,ネクロマンサー,たらった～,960,5
55位,,ネクロマンサー,待つ娘DX,960,5
56位,,悪魔,▽はとむぎ▽,958,3
57位,,悪魔,うああぁ,956,5
58位,,ネクロマンサー,腹黒ちぇりー,955,5
59位,,悪魔,Sangrose,952,5
60位,,悪魔,綾部貴子,952,5
61位,,悪魔,∫Ａｌｉｃｅ∫,952,5
62位,,悪魔,tekezo,952,4
63位,,悪魔,かあら,951,5
64位,,ネクロマンサー,tantan_09,951,5
65位,,悪魔,淡青,950,5
66位,,ネクロマンサー,ゴリ・ゴリラ,950,5
67位,,悪魔,たこ焼（8ｺ入）,949,5
68位,,ネクロマンサー,問屋団地入口,947,5
69位,,ネクロマンサー,ｼｭﾜｼｭﾜｶﾞｵｰ,945,5
70位,,ネクロマンサー,桃色肉球,944,5
71位,,悪魔,ねっき一,943,5
72位,,ネクロマンサー,滅日,943,5
73位,,悪魔,HughHopper,940,5
74位,,悪魔,紅きサディ,939,5
75位,,悪魔,ラケシス・セリア,939,5
76位,,悪魔,でびっき～,939,5
77位,,ネクロマンサー,納豆豆腐,939,5
78位,,ネクロマンサー,ごまみそ,939,4
79位,,悪魔,うさみみ髑髏,938,5
80位,,悪魔,ナベリウス,938,5
81位,,悪魔,ドラキュラくん,938,0
82位,,ネクロマンサー,ゆきだるさ～ん,936,5
83位,,悪魔,加賀,935,5
84位,,悪魔,_零_,935,5
85位,,悪魔,レディ・アン,934,5
86位,,悪魔,エルギー,934,5
87位,,ネクロマンサー,ゼラム,934,5
88位,,悪魔,みほたん（＾＾）,933,5
89位,,悪魔,nanome,932,5
90位,,悪魔,♪奇跡の地球,932,5
91位,,悪魔,Αⅰк＠,932,5
92位,,悪魔,朧炎,932,5
93位,,悪魔,クロウディア,932,5
94位,,悪魔,☆イグニア☆,932,5
95位,,ネクロマンサー,ポルノ☆ディアノ,932,5
96位,,悪魔,毒舌ガチ勢,932,0
97位,,悪魔,x夏來x,931,5
98位,,悪魔,でぃめんた～,931,5
99位,,悪魔,☆綺堂渚☆,931,5
100位,,ネクロマンサー,杏樹♪,931,5
101位,,ネクロマンサー,交通安全第一,931,5
102位,,ネクロマンサー,ランジェリア,931,5
103位,,悪魔,アルゴリズム体操,930,5
104位,,悪魔,くろりーぬ,930,5
105位,,ネクロマンサー,dylan5,930,5
106位,,悪魔,TIBIUAA,930,3
107位,,ネクロマンサー,Scout,929,5
108位,,ネクロマンサー,殲滅支援,929,5
109位,,ネクロマンサー,旋廻注意,929,5
110位,,ネクロマンサー,そとわくN,929,5
111位,,悪魔,リム・ヴァイン,928,5
112位,,悪魔,尽くす,928,5
113位,,ネクロマンサー,ドゥッカ,928,5
114位,,ネクロマンサー,パコリーヌ,928,5
115位,,悪魔,つま先,927,5
116位,,悪魔,みつまる,927,5
117位,,悪魔,かかしの長,927,5
118位,,ネクロマンサー,魚嫌いの前川みく,927,5
119位,,ネクロマンサー,hidetos9,927,4
120位,,ネクロマンサー,エレミィ,927,2
121位,,ネクロマンサー,悪魔王ねっころ,927,1
122位,,悪魔,沈黙のゲス,926,5
123位,,悪魔,脇山タマミ,926,5
124位,,ネクロマンサー,occult,926,5
125位,,悪魔,ﾍﾚﾝ･ｱﾙﾒｰﾗ,926,4
126位,,ネクロマンサー,つくよみ零,926,4
127位,,ネクロマンサー,産毛のアン,926,3
128位,,悪魔,くぅーぇる,925,5
129位,,悪魔,どんしんたけし,925,5
130位,,悪魔,Orobianco,925,5
131位,,ネクロマンサー,カポエラ,925,5
132位,,ネクロマンサー,すてらみ,925,5
133位,,悪魔,ﾃﾞﾙﾀﾌﾟﾗｽ,925,3
134位,,悪魔,テンション低め,924,5
135位,,ネクロマンサー,ウシャス。,924,5
136位,,ネクロマンサー,こいころ【傀儡】,924,5
137位,,ネクロマンサー,煮た豆,924,5
138位,,ネクロマンサー,二ャムサス,924,5
139位,,悪魔,キンちゃん♪,924,4
140位,,ネクロマンサー,コロネ☆,924,4
141位,,ネクロマンサー,アイリマンサー95,924,1
142位,,悪魔,子供は、２人,923,5
143位,,悪魔,虫姫,923,5
144位,,ネクロマンサー,りいる,923,5
145位,,ネクロマンサー,閻魔様の使い,923,5
146位,,ネクロマンサー,欲望全開,923,5
147位,,悪魔,テンホウ☆,922,5
148位,,ネクロマンサー,neclock,922,5
149位,,ネクロマンサー,ヴェニディウム,922,5
150位,,ネクロマンサー,Ｒｏｓｅ,922,5
151位,,ネクロマンサー,simpｌe,922,5
152位,,悪魔,黒の忘失,922,3
153位,,悪魔,めぐもん,921,5
154位,,悪魔,いそ魔人,921,5
155位,,悪魔,したっぱjr,921,5
156位,,悪魔,4転850予定マン,921,5
157位,,ネクロマンサー,みゃぅ,921,5
158位,,悪魔,グレモリー,921,4
159位,,ネクロマンサー,ﾊﾊｈ,921,3
160位,,悪魔,☆リリア−ノ☆,920,5
161位,,悪魔,無戸井,920,5
162位,,悪魔,CattleyaTrianaei,920,5
163位,,ネクロマンサー,芦田愛菜だよ？,920,5
164位,,ネクロマンサー,＆perSe,920,5
165位,,ネクロマンサー,おみのあ,920,5
166位,,悪魔,ふにゃ〜ん,920,4
167位,,悪魔,フルヘルム,920,4
168位,,悪魔,♪クレア,920,2
169位,,ネクロマンサー,もぉ〜たん♪ミニ,920,0
170位,,ネクロマンサー,ワンパン愛,919,5
171位,,ネクロマンサー,クレミドル,919,4
172位,,ネクロマンサー,月乃川しいな,919,1
173位,,悪魔,悪魔の影,919,0
174位,,悪魔,☆るぅるぅ彡,918,5
175位,,悪魔,HEO：,918,5
176位,,悪魔,悲しみの屍,918,5
177位,,ネクロマンサー,ｲﾘｭｰｼﾞｮﾝ（刃）,918,5
178位,,ネクロマンサー,nyaho1,918,5
179位,,ネクロマンサー,YUBIYUBI,918,5
180位,,ネクロマンサー,ドラゴン中将,918,5
181位,,悪魔,♪るんルン♪,918,4
182位,,悪魔,大福君,918,3
183位,,悪魔,黒薔薇アリス,918,1
184位,,ネクロマンサー,死神閻王,918,1
185位,,悪魔,☆ｻｲｸﾛﾝﾏﾐｪ☆,918,0
186位,,ネクロマンサー,くろちゃんです,918,0
187位,,悪魔,ケル娘,917,5
188位,,ネクロマンサー,烏芽鬼血,917,5
189位,,ネクロマンサー,Yutaca゜,917,5
190位,,ネクロマンサー,すなふの玩具,917,5
191位,,悪魔,あ！熊！！,917,4
192位,,ネクロマンサー,ｴﾌｨﾃﾞﾙ,917,0
193位,,ネクロマンサー,レイズMax,917,0
194位,,悪魔,魔理亜,916,5
195位,,悪魔,♂七神♀,916,5
196位,,悪魔,アイシェラ,916,5
197位,,ネクロマンサー,クミ！,916,5
198位,,ネクロマンサー,クルスティナ,916,5
199位,,ネクロマンサー,5ﾅｯｸﾙｼｬｯﾌﾙ,916,4
200位,,ネクロマンサー,ﾈｸﾛくん,916,4
201位,,ネクロマンサー,人生綱渡り,916,3
202位,,ネクロマンサー,刻印デモルト,916,2
203位,,ネクロマンサー,ウィザーパペット,916,1
204位,,悪魔,Ｆ．Ａ．Ｂ,915,5
205位,,悪魔,蹴られＴＡＩ,915,5
206位,,ネクロマンサー,リュシータトエル,915,5
207位,,ネクロマンサー,イミテイション,915,5
208位,,ネクロマンサー,＠ぷく＠,915,5
209位,,ネクロマンサー,★ボス★,915,5
210位,,ネクロマンサー,サクラマイスター,915,4
211位,,悪魔,暗闇掌者,915,3
212位,,ネクロマンサー,氷遊び,915,3
213位,,悪魔,ディアボリーク,915,2
214位,,悪魔,悪魔ぢゃん,914,5
215位,,ネクロマンサー,ryde_n,914,5
216位,,ネクロマンサー,ブループラネット,914,4
217位,,ネクロマンサー,１回１０万マン,914,4
218位,,悪魔,アイルローゼ,914,3
219位,,ネクロマンサー,真夏の雪,914,2
220位,,ネクロマンサー,ゆいちき,914,1
221位,,悪魔,†ペネガ,913,5
222位,,悪魔,ヴルペス,913,5
223位,,ネクロマンサー,ねんねくろ,913,5
224位,,ネクロマンサー,お尻はやめて！,913,5
225位,,ネクロマンサー,ネオアポフィス,913,5
226位,,ネクロマンサー,みのしん,913,5
227位,,ネクロマンサー,かい０８２０,913,3
228位,,ネクロマンサー,朧の星屑,913,2
229位,,悪魔,グラディーバ,913,0
230位,,悪魔,＊Yuna＊,913,0
231位,,ネクロマンサー,ShadowFlare,913,0
232位,,ネクロマンサー,バグダッシュ,912,5
233位,,ネクロマンサー,ライラーザ,912,5
234位,,悪魔,女王様の青汁,912,3
235位,,ネクロマンサー,ちゃっぱーお,912,3
236位,,ネクロマンサー,物理きのこ兜甲児,912,1
237位,,ネクロマンサー,レインドレイン,912,0
238位,,悪魔,雑魚乙くん,911,5
239位,,悪魔,りぃこ。,911,5
240位,,ネクロマンサー,らるらりら,911,5
241位,,ネクロマンサー,暗廊,911,5
242位,,ネクロマンサー,★DevilVer★,911,5
243位,,ネクロマンサー,tocsam,911,4
244位,,ネクロマンサー,kita04,911,4
245位,,ネクロマンサー,強欲の魔女,911,3
246位,,ネクロマンサー,ぷりん体,911,0
247位,,ネクロマンサー,くろちゃんＪｒ♪,911,0
248位,,悪魔,ｼｮｺﾗｴﾘｰｾﾞﾎﾜｲﾄ,910,5
249位,,悪魔,ガスダス,910,5
250位,,ネクロマンサー,抹茶わらび餅,910,5
251位,,ネクロマンサー,ペロ子,910,5
252位,,ネクロマンサー,謝花真央,910,5
253位,,ネクロマンサー,美袋ミコト,910,5
254位,,ネクロマンサー,げりら豪雨,910,5
255位,,ネクロマンサー,ファ－スト,910,5
256位,,悪魔,☆瀬在丸G紅子☆,910,4
257位,,ネクロマンサー,ES300,910,4
258位,,ネクロマンサー,GreenGables,910,4
259位,,ネクロマンサー,FrenchCuller,910,3
260位,,悪魔,レグ＆シアラ,910,2
261位,,ネクロマンサー,LiLiiiiiii,910,0
262位,,悪魔,モンブラン系,909,5
263位,,悪魔,汚染地帯,909,5
264位,,悪魔,安寧,909,5
265位,,ネクロマンサー,マダムサリマン,909,5
266位,,ネクロマンサー,とんぷく,909,5
267位,,ネクロマンサー,Type゜C,909,5
268位,,悪魔,デタッチャブル,909,4
269位,,ネクロマンサー,大吉くん,909,4
270位,,悪魔,KAZUEGON,909,3
271位,,ネクロマンサー,黒水晶姫,909,3
272位,,ネクロマンサー,ネコロマンサー,909,3
273位,,ネクロマンサー,☆スカリー,909,0
274位,,ネクロマンサー,わんぱんまん,909,0
275位,,悪魔,唖莉沙,908,5
276位,,悪魔,炊き込み式,908,5
277位,,悪魔,（＝ω＝艷,908,5
278位,,悪魔,シロサギⅦ世,908,5
279位,,悪魔,もちぷにゃ,908,5
280位,,悪魔,いっほでぷ～た,908,5
281位,,ネクロマンサー,†Fade￡away†,908,5
282位,,ネクロマンサー,ﾂﾎﾞｰﾝ,908,5
283位,,ネクロマンサー,路地裏の悪女,908,5
284位,,ネクロマンサー,Chroe,908,5
285位,,ネクロマンサー,Deirdre,908,5
286位,,ネクロマンサー,EXTERMINATE,908,5
287位,,ネクロマンサー,日暮あかね,908,5
288位,,悪魔,らんしゃま,908,3
289位,,ネクロマンサー,あなたのお尻,908,1
290位,,悪魔,☆Kding☆,908,0
291位,,悪魔,天＿鞭,908,0
292位,,悪魔,鞭砕,908,0
293位,,ネクロマンサー,☆パメラ,908,0
294位,,ネクロマンサー,だいおー,908,0
295位,,悪魔,華ピアス,907,5
296位,,悪魔,秘密のお尻,907,5
297位,,ネクロマンサー,γⅰο☆彡,907,5
298位,,ネクロマンサー,十色の菫,907,5
299位,,ネクロマンサー,けーしゃま♪,907,5
300位,,ネクロマンサー,Harassment,907,5
301位,,ネクロマンサー,Morgana。,907,5
302位,,ネクロマンサー,ぽにょりぃこ,907,5
303位,,悪魔,the猪,907,4
304位,,悪魔,春紅寿,907,4
305位,,ネクロマンサー,地獄への階段,907,4
306位,,ネクロマンサー,銀南天,907,4
307位,,ネクロマンサー,モノモノ,907,4
308位,,ネクロマンサー,スカイア,907,0
309位,,悪魔,ねこ’ラムネ,906,5
310位,,悪魔,そむすずめ,906,5
311位,,ネクロマンサー,AAR_nasi,906,5
312位,,ネクロマンサー,ブラッドツェペシ,906,5
313位,,ネクロマンサー,りじちょ,906,5
314位,,ネクロマンサー,†ハティ†,906,5
315位,,悪魔,あかぐいど,906,4
316位,,悪魔,助けてくれ金角,906,3
317位,,悪魔,要塞X3改,906,3
318位,,悪魔,瑠璃色ノ薔薇,906,3
319位,,悪魔,幻霊デッガー,906,3
320位,,ネクロマンサー,提督バルバロス,906,3
321位,,ネクロマンサー,すべるばー,906,3
322位,,ネクロマンサー,CinnamonBuns,906,1
323位,,ネクロマンサー,25ans,906,0
324位,,悪魔,リズベット,905,5
325位,,悪魔,Gazelle_miss,905,5
326位,,悪魔,烏羽色,905,5
327位,,悪魔,じゅり子,905,5
328位,,悪魔,BeverlyHillsCop,905,5
329位,,悪魔,どらくろ,905,5
330位,,ネクロマンサー,ハートのA,905,5
331位,,ネクロマンサー,Red＆Black,905,5
332位,,ネクロマンサー,テクシステカトル,905,5
333位,,ネクロマンサー,焔麒,905,5
334位,,ネクロマンサー,魔界天王,905,4
335位,,ネクロマンサー,雪鳴NecDev,905,4
336位,,ネクロマンサー,ランブルフィシュ,905,4
337位,,ネクロマンサー,天の契約,905,3
338位,,悪魔,みどりむし♪,905,1
339位,,悪魔,小悪魔みぬき,905,0
340位,,ネクロマンサー,ちょこs,905,0
341位,,ネクロマンサー,闊達自在,905,0
342位,,ネクロマンサー,TIP＆DALE,904,5
343位,,ネクロマンサー,鬼一家の悪魔,904,5
344位,,ネクロマンサー,狙ってください,904,5
345位,,ネクロマンサー,お㌔,904,5
346位,,ネクロマンサー,てんいち♪,904,5
347位,,ネクロマンサー,Asphyx,904,5
348位,,ネクロマンサー,鶴見川ドボン,904,5
349位,,悪魔,glico_D,904,4
350位,,悪魔,Skyｌake,904,4
351位,,悪魔,ほむ☆ほむ,904,4
352位,,ネクロマンサー,低下の達人,904,4
353位,,ネクロマンサー,hooah3888,904,4
354位,,ネクロマンサー,羽前千歳,904,3
355位,,ネクロマンサー,夢月ロア,904,3
356位,,悪魔,めくろ,904,2
357位,,悪魔,Belzbuth,904,0
358位,,悪魔,☆ジェミー,904,0
359位,,悪魔,悪魔オジ,904,0
360位,,悪魔,悪魔さんの鞭,904,0
361位,,悪魔,今日,904,0
362位,,ネクロマンサー,デラデラ,904,0
363位,,ネクロマンサー,etouffer,904,0
364位,,ネクロマンサー,☆オーロラ,904,0
365位,,ネクロマンサー,☆マリオネット,904,0
366位,,ネクロマンサー,鬼悪魔,904,0
367位,,ネクロマンサー,遼ちゃん４号,904,0
368位,,悪魔,トゲアリトゲナシ,903,5
369位,,悪魔,LETS_GO_DUDE,903,5
370位,,悪魔,オレンジ嬢,903,5
371位,,悪魔,金欠病,903,5
372位,,悪魔,〆ムクガイヤ〆,903,5
373位,,ネクロマンサー,欲望MAX,903,5
374位,,ネクロマンサー,調子のったら潰す,903,5
375位,,ネクロマンサー,一竿風月,903,5
376位,,ネクロマンサー,たいSON2,903,5
377位,,ネクロマンサー,ｵｰﾌﾟﾝ･ｻﾞ･ﾛト,903,5
378位,,ネクロマンサー,KidOfUnknowns,903,5
379位,,ネクロマンサー,つよぽん卍,903,5
380位,,ネクロマンサー,ken222,903,5
381位,,ネクロマンサー,むしゃ,903,5
382位,,ネクロマンサー,テセニーゼ,903,5
383位,,悪魔,ティロンクルス,903,4
384位,,ネクロマンサー,並木桜,903,4
385位,,悪魔,メルトリリス,903,2
386位,,悪魔,藤内川,903,1
387位,,ネクロマンサー,ぷりん王国の国王,903,1
388位,,ネクロマンサー,ぺろ☆たそ,903,1
389位,,悪魔,悪砕,903,0
390位,,ネクロマンサー,Leoru,903,0
391位,,ネクロマンサー,☆適当会ψ会長ψ,903,0
392位,,ネクロマンサー,祝融,903,0
393位,,ネクロマンサー,Cocue¨,903,0
394位,,悪魔,StarShark,902,5
395位,,悪魔,山根くん,902,5
396位,,悪魔,BRiGHTFLiGHT,902,5
397位,,悪魔,壱鉄よた,902,5
398位,,悪魔,ぽりあふ,902,5
399位,,悪魔,ねるも,902,5
400位,,悪魔,えりーな,902,5
401位,,ネクロマンサー,☆大蔵りそな☆,902,5
402位,,ネクロマンサー,お菓子の森,902,5
403位,,ネクロマンサー,カイカイキキ,902,5
404位,,ネクロマンサー,☆ﾅﾆﾇﾈｸﾛ☆,902,5
405位,,ネクロマンサー,雨降り地濡れる,902,5
406位,,悪魔,思案中,902,4
407位,,ネクロマンサー,†ｺｸﾃﾝ†,902,4
408位,,ネクロマンサー,ひでくろ,902,4
409位,,悪魔,風俗‐嬢♪,902,3
410位,,悪魔,女王降臨,902,3
411位,,悪魔,烏丸五右衛門,902,3
412位,,ネクロマンサー,ふみたん♪,902,3
413位,,ネクロマンサー,さんぞうほうし,902,3
414位,,ネクロマンサー,Resistancer,902,3
415位,,ネクロマンサー,らもふぁー4,902,2
416位,,悪魔,GLENMORANGIE,902,1
417位,,ネクロマンサー,つきみよう,902,1
418位,,悪魔,矢嶋川,902,0
419位,,悪魔,LR置物,902,0
420位,,ネクロマンサー,マスコットネクロ,902,0
421位,,ネクロマンサー,†ミストバーン†,902,0
422位,,悪魔,とおの,901,5
423位,,悪魔,ニキュー,901,5
424位,,悪魔,ｲﾝﾊﾞｰｽ,901,5
425位,,悪魔,ラナリア,901,5
426位,,悪魔,燃えさかる大地,901,5
427位,,悪魔,♪コキンちゃん♪,901,5
428位,,悪魔,メイたぁん,901,5
429位,,悪魔,まるる！,901,5
430位,,悪魔,らくだの王様,901,5
431位,,悪魔,マツドッシー,901,5
432位,,悪魔,不破_LF,901,5
433位,,悪魔,☆結城アスナ☆,901,5
434位,,ネクロマンサー,鞍さん,901,5
435位,,ネクロマンサー,でれで・れい,901,5
436位,,ネクロマンサー,ナインハート,901,5
437位,,ネクロマンサー,つら、、,901,5
438位,,悪魔,被検体”007”,901,4
439位,,悪魔,アミラーメン,901,4
440位,,悪魔,お菓子屋さん♪,901,4
441位,,ネクロマンサー,～紫丁香花～,901,4
442位,,ネクロマンサー,coldmilk00,901,4
443位,,ネクロマンサー,由太朗,901,4
444位,,悪魔,Givaudan,901,3
445位,,悪魔,緋鳴,901,3
446位,,悪魔,ﾊﾟﾛｯｺ,901,3
447位,,悪魔,ビブリオ菌,901,2
448位,,悪魔,佳子１,901,1
449位,,ネクロマンサー,卍†五月雨†卍,901,1
450位,,ネクロマンサー,ネクロですか？,901,1
451位,,悪魔,江里川,901,0
452位,,悪魔,神谷川,901,0
453位,,ネクロマンサー,ソロなの,901,0
454位,,ネクロマンサー,森主川,901,0
455位,,悪魔,Duku,900,5
456位,,悪魔,かえでひめ,900,5
457位,,悪魔,千福,900,5
458位,,悪魔,連鎖陸号店,900,5
459位,,悪魔,魔人c,900,5
460位,,悪魔,∬冬桜∬,900,5
461位,,悪魔,アンリマユ・RIG,900,5
462位,,悪魔,アルーレン,900,5
463位,,悪魔,Fie_Claussell,900,5
464位,,悪魔,ヴァージン,900,5
465位,,悪魔,柊、,900,5
466位,,ネクロマンサー,†こここ子†,900,5
467位,,ネクロマンサー,つばまる彡,900,5
468位,,ネクロマンサー,アブたろう,900,5
469位,,ネクロマンサー,福圓,900,5
470位,,ネクロマンサー,むすこん,900,5
471位,,ネクロマンサー,低下だと思う？,900,5
472位,,ネクロマンサー,荒ぶる親指,900,5
473位,,ネクロマンサー,ブレインダムド,900,5
474位,,ネクロマンサー,☆イルル☆,900,5
475位,,ネクロマンサー,R．NEWBOLD,900,5
476位,,悪魔,いんちゃ,900,4
477位,,悪魔,捕食系男子,900,4
478位,,悪魔,ほーこさん,900,4
479位,,悪魔,悪魔プッチ,900,4
480位,,悪魔,しろいろ。,900,4
481位,,悪魔,Sirororo．,900,4
482位,,悪魔,梅にぎり,900,4
483位,,ネクロマンサー,てんいち。,900,4
484位,,ネクロマンサー,ロザリン☆,900,4
485位,,ネクロマンサー,Yute1,900,4
486位,,ネクロマンサー,おでんぱ⑨変娘,900,4
487位,,ネクロマンサー,おいしい烏龍茶,900,4
488位,,悪魔,ピロピ,900,3
489位,,悪魔,Polizei,900,3
490位,,悪魔,月ノ美兎,900,3
491位,,ネクロマンサー,～柴丁香花～,900,3
492位,,ネクロマンサー,Object704,900,3
493位,,ネクロマンサー,see防,900,3
494位,,ネクロマンサー,セルフ突っ込み,900,3
495位,,ネクロマンサー,ラスラパンネ,900,3
496位,,ネクロマンサー,BOOBOOS,900,3
497位,,ネクロマンサー,死の香り,900,3
498位,,ネクロマンサー,リトルアの星屑,900,2
499位,,ネクロマンサー,ささげ豆,900,2
500位,,悪魔,Pretty☆Girl,900,0
501位,,悪魔,ダメ魔,900,0
502位,,ネクロマンサー,avi_5,900,0
503位,,ネクロマンサー,py_7,900,0
504位,,ネクロマンサー,avi_3,900,0
505位,,ネクロマンサー,エドモン,900,0
506位,,悪魔,リム＝カーナ,899,4
507位,,ネクロマンサー,ゴッド姉ちゃん,899,4
508位,,ネクロマンサー,☆琉砂☆,899,4
509位,,ネクロマンサー,Apple墓荒002,899,4
510位,,ネクロマンサー,クリンケ,899,4
511位,,ネクロマンサー,らんぐ丼,899,4
512位,,ネクロマンサー,右近左近,899,4
513位,,悪魔,鑼璽,899,0
514位,,悪魔,ティムダ,898,4
515位,,悪魔,R_Rico,898,4
516位,,悪魔,ターちやん,898,4
517位,,ネクロマンサー,☆皇炎の女神☆,898,4
518位,,ネクロマンサー,†良い子†,898,4
519位,,ネクロマンサー,鳳鳴,898,4
520位,,悪魔,☆棘☆,897,4
521位,,悪魔,でんま,897,4
522位,,悪魔,しろすずめ。,897,4
523位,,悪魔,タイプεカオス,897,4
524位,,悪魔,榮靡鬆,897,4
525位,,ネクロマンサー,悪夢の支配者,897,4
526位,,ネクロマンサー,ワイはショタコン,897,1
527位,,ネクロマンサー,セルシラーナ,897,0
528位,,ネクロマンサー,東宮☆閑雅,897,0
529位,,悪魔,ぼ。,896,4
530位,,ネクロマンサー,superチャンキー,896,4
531位,,ネクロマンサー,根黒万鎖,896,4
532位,,ネクロマンサー,要塞X3,896,4
533位,,ネクロマンサー,ﾊﾘｱｰⅡ③,896,4
534位,,悪魔,Riri～碧炎～,896,3
535位,,悪魔,オービス吉丸,896,3
536位,,悪魔,佳子２,896,1
537位,,ネクロマンサー,ぼぼぼ～んきゅ,896,1
538位,,悪魔,ξ悪魔のめがみξ,896,0
539位,,悪魔,霧ぎりす,896,0
540位,,悪魔,Ｇｉｋｕ,896,0
541位,,悪魔,妨害専用下着,895,4
542位,,悪魔,CardamonChai,895,4
543位,,悪魔,あずうる,895,4
544位,,悪魔,根暗まんさぁ～,895,4
545位,,悪魔,悪魔１２,895,4
546位,,悪魔,くろねえ,895,4
547位,,ネクロマンサー,粋怜,895,4
548位,,ネクロマンサー,かぶとむし零号,895,4
549位,,悪魔,ｘフライアｘ,895,3
550位,,悪魔,☆vicky☆,894,4
551位,,悪魔,tec22,894,4
552位,,悪魔,モンキーたーん,894,4
553位,,悪魔,イシュタルの呪い,894,4
554位,,ネクロマンサー,yukuro,894,4
555位,,ネクロマンサー,イメージチェンジ,894,4
556位,,ネクロマンサー,闇迅,894,4
557位,,ネクロマンサー,まめかん,894,4
558位,,悪魔,どろろ♪,894,1
559位,,ネクロマンサー,マサムネ君,894,1
560位,,悪魔,にゃにゃも,894,0
561位,,悪魔,梨悪。,893,4
562位,,悪魔,くろねまんさぁ,893,4
563位,,ネクロマンサー,ч0ч,893,4
564位,,ネクロマンサー,リマデビル,893,4
565位,,ネクロマンサー,あくま先生,893,4
566位,,ネクロマンサー,∮tomococo∮,893,4
567位,,悪魔,Araneo,893,3
568位,,ネクロマンサー,ｼｬﾄﾞｳRIG_Mk_Ⅱ,893,3
569位,,ネクロマンサー,☆アルバロ☆,893,2
570位,,ネクロマンサー,Ductile,893,1
571位,,ネクロマンサー,なんだですｂ,893,0
572位,,ネクロマンサー,本紫,893,0
573位,,ネクロマンサー,紺藍,893,0
574位,,ネクロマンサー,ネクロお嬢,893,0
575位,,悪魔,Ｈ・シバ,892,4
576位,,ネクロマンサー,DiodellaMorte,892,4
577位,,ネクロマンサー,今日もフルボッコ,892,4
578位,,ネクロマンサー,とと丸,892,4
579位,,ネクロマンサー,ついんて,892,4
580位,,ネクロマンサー,亜魔莉,892,4
581位,,ネクロマンサー,裸族の棒,892,4
582位,,ネクロマンサー,あんだいん,892,4
583位,,悪魔,わためは悪くﾅｲﾖﾈ,892,3
584位,,ネクロマンサー,すずたん,892,3
585位,,ネクロマンサー,石ころ集め,892,3
586位,,悪魔,うどんげ⇒,892,2
587位,,悪魔,＋朔耶＋,892,1
588位,,ネクロマンサー,だ～だ,892,0
589位,,悪魔,とんきち♪,891,4
590位,,ネクロマンサー,ч04,891,4
591位,,ネクロマンサー,カヴァーデｨル,891,4
592位,,ネクロマンサー,ブリトー,891,4
593位,,悪魔,ショートブレッド,891,3
594位,,ネクロマンサー,奏遥香,891,3
595位,,悪魔,x累x,891,1
596位,,ネクロマンサー,立花響（暴走）,891,1
597位,,悪魔,xコアx,890,4
598位,,悪魔,WHALE,890,4
599位,,悪魔,GLAMOUROUS,890,4
600位,,悪魔,L・Miranic,890,4
601位,,ネクロマンサー,c型呪詛タイプ,890,4
602位,,悪魔,サクラー,890,3
603位,,悪魔,君の瞳に乾杯☆ミ,890,3
604位,,ネクロマンサー,魔王えーす,890,3
605位,,ネクロマンサー,桃な人,890,3
606位,,悪魔,悪徳商法,890,2
607位,,悪魔,北斗ＳＥ,890,1
608位,,悪魔,どくだコンω,890,0
609位,,ネクロマンサー,紫媛,890,0
610位,,悪魔,Neru4541,889,4
611位,,悪魔,Zedd,889,4
612位,,悪魔,BloodyBunny,889,4
613位,,悪魔,たぬ～～～～～～,889,4
614位,,ネクロマンサー,ζﾌｪｲﾀﾝζ,889,4
615位,,ネクロマンサー,Sincero,889,4
616位,,ネクロマンサー,びんさー,889,4
617位,,ネクロマンサー,ゴロり,889,4
618位,,ネクロマンサー,べほいみ,889,4
619位,,ネクロマンサー,知能低下高木さん,889,4
620位,,ネクロマンサー,ティーニー,889,4
621位,,ネクロマンサー,きれげ,889,4
622位,,ネクロマンサー,かまぼこさん♪,889,4
623位,,ネクロマンサー,ちょこれーと♪,889,4
624位,,悪魔,ブラックうさぎ,889,3
625位,,ネクロマンサー,私達BestFriend,889,3
626位,,ネクロマンサー,ネクロサンマー,889,1
627位,,悪魔,靈ノ輿,888,4
628位,,悪魔,裸族の榛,888,4
629位,,悪魔,ホワイトハウス,888,4
630位,,悪魔,SINCREA,888,4
631位,,悪魔,みにもに,888,3
632位,,ネクロマンサー,光属性,888,2
633位,,悪魔,ﾚﾃﾞｨｰ・ｱﾙﾋﾞﾀﾞ,888,1
634位,,悪魔,グンキー,888,0
635位,,ネクロマンサー,Lysee,888,0
636位,,悪魔,ぷれらーてぃ,887,4
637位,,悪魔,トレラン,887,4
638位,,悪魔,音の葉,887,4
639位,,ネクロマンサー,磨呑汝,887,4
640位,,ネクロマンサー,KaruO,887,4
641位,,ネクロマンサー,コ力トりス,887,4
642位,,悪魔,ふぃなんしぇ♪,887,3
643位,,悪魔,わきー,887,3
644位,,悪魔,Jack026,887,1
645位,,ネクロマンサー,∮Furou∮,887,1
646位,,悪魔,アルメルシア,886,4
647位,,悪魔,ⅦⅢ弐壱,886,4
648位,,悪魔,dianthus,886,4
649位,,悪魔,君を落とす為,886,4
650位,,ネクロマンサー,れもんウォーター,886,4
651位,,ネクロマンサー,アルベド。,886,4
652位,,ネクロマンサー,Honeycome,886,4
653位,,ネクロマンサー,ココモ・皿・）,886,3
654位,,ネクロマンサー,※クロノ＊ネクロ,886,2
655位,,悪魔,MeridianDance,885,4
656位,,悪魔,拳王アゴウ,885,4
657位,,ネクロマンサー,††たっちゃん☆,885,4
658位,,ネクロマンサー,ネクロ１,885,4
659位,,ネクロマンサー,助惣鱈,885,1
660位,,悪魔,虹春８,885,0
661位,,ネクロマンサー,極悪卍ピーチ姫,885,0
662位,,悪魔,志布志市,884,4
663位,,悪魔,暇乙くん。,884,4
664位,,悪魔,ラヂヲ,884,4
665位,,悪魔,KEN大尉,884,4
666位,,悪魔,クレアおばさま,884,4
667位,,ネクロマンサー,南米産黒ごま,884,4
668位,,ネクロマンサー,JapanesePopMusic,884,4
669位,,悪魔,ドSのゆりちゃん,884,3
670位,,ネクロマンサー,RaidBoss6,884,1
671位,,ネクロマンサー,RaidBoss7,884,1
672位,,悪魔,唐原志麻,883,4
673位,,悪魔,BlackStomach,883,4
674位,,悪魔,MASAO（仮免）,883,4
675位,,悪魔,SAZAE☆MON,883,4
676位,,ネクロマンサー,☆ミツバチ☆,883,4
677位,,ネクロマンサー,ﾄﾐｶ小僧,883,4
678位,,ネクロマンサー,楓＜kaede＞,883,4
679位,,悪魔,揮毫ё,883,3
680位,,悪魔,サイヴァ,883,2
681位,,ネクロマンサー,RaidBoss3,883,1
682位,,ネクロマンサー,RaidBoss5,883,1
683位,,ネクロマンサー,RaidBoss2,883,1
684位,,ネクロマンサー,RaidBoss1,883,1
685位,,悪魔,久保田学,883,0
686位,,悪魔,れいんぼー姐さん,882,4
687位,,悪魔,銀狼～silver～,882,4
688位,,悪魔,じぶ,882,4
689位,,悪魔,†ﾜﾝﾀﾞﾘﾝｸﾞｼｬﾄﾞｳ,882,4
690位,,悪魔,ひよ子饅頭,882,4
691位,,ネクロマンサー,氷姨,882,4
692位,,ネクロマンサー,笹ヤン,882,4
693位,,ネクロマンサー,八雲－紫,882,4
694位,,ネクロマンサー,むっつりネクマ,882,3
695位,,ネクロマンサー,ていむ支援１号,882,0
696位,,悪魔,グウェンナ,881,4
697位,,悪魔,しろいろ｡,881,4
698位,,悪魔,ＡＧＥＨＡ＠死,881,4
699位,,悪魔,ザーグル,881,4
700位,,悪魔,HarleyQuinn,881,4
701位,,ネクロマンサー,ArmsDealer,881,4
702位,,ネクロマンサー,そらなき,881,4
703位,,ネクロマンサー,０phelia,881,4
704位,,ネクロマンサー,ζﾃﾞｽﾒﾓﾘｰｸﾏζ,881,3
705位,,ネクロマンサー,呪縛桜,881,3
706位,,ネクロマンサー,れっかさん,881,3
707位,,ネクロマンサー,虹美５,881,0
708位,,ネクロマンサー,支援悪魔☆,880,4
709位,,ネクロマンサー,ジンネクロン,880,4
710位,,ネクロマンサー,蠅悪,880,4
711位,,ネクロマンサー,卍らいん,880,4
712位,,ネクロマンサー,ブレイクマスター,880,4
713位,,悪魔,ぱとぱと〜,880,3
714位,,悪魔,Åimee,880,3
715位,,ネクロマンサー,ひゃっきへい,880,3
716位,,ネクロマンサー,ブルーナ,880,3
717位,,悪魔,澪_mio,880,2
718位,,ネクロマンサー,ﾈｸﾛ扱いしろっ！,880,0
719位,,悪魔,おばあさん。,879,4
720位,,悪魔,νQueenVampireν,879,4
721位,,ネクロマンサー,亜紅弥,879,4
722位,,ネクロマンサー,ぎでおん,879,4
723位,,ネクロマンサー,メフィスト兄,879,4
724位,,ネクロマンサー,スクブス,879,4
725位,,悪魔,○○●,879,3
726位,,ネクロマンサー,クオン。,879,3
727位,,ネクロマンサー,ｼﾙﾊﾟﾝﾁｮ,879,3
728位,,ネクロマンサー,鈴木_歩,879,0
729位,,悪魔,裏切れない子,878,4
730位,,悪魔,seyana,878,4
731位,,ネクロマンサー,ガンダムNT1,878,4
732位,,ネクロマンサー,しゃみん,878,4
733位,,ネクロマンサー,白林檎。,878,3
734位,,ネクロマンサー,くろまあくま,878,2
735位,,悪魔,すみっコ,877,4
736位,,悪魔,伝説のポケモン,877,4
737位,,悪魔,緋倫,877,4
738位,,悪魔,玖琥璃,877,4
739位,,悪魔,じょなえもん,877,4
740位,,ネクロマンサー,箒木日向子,877,4
741位,,ネクロマンサー,ねぇ、抱いて！,877,4
742位,,ネクロマンサー,Alicia_Keys,877,4
743位,,ネクロマンサー,Renon’sTritonal,877,4
744位,,ネクロマンサー,chatlir,877,4
745位,,ネクロマンサー,あおりんご。,877,4
746位,,ネクロマンサー,■闇■,877,4
747位,,ネクロマンサー,RED．．,877,4
748位,,悪魔,Enrich,877,3
749位,,悪魔,へけぇと,877,3
750位,,ネクロマンサー,華胥,877,3
751位,,ネクロマンサー,Ereshkigal,877,2
752位,,ネクロマンサー,ていむ支援２号,877,0
753位,,ネクロマンサー,惡魔師,877,0
754位,,悪魔,SaturnGino,876,4
755位,,悪魔,ねぉちん,876,4
756位,,ネクロマンサー,スターマン大好き,876,4
757位,,悪魔,戦犯,876,3
758位,,悪魔,やねごみ,876,3
759位,,悪魔,エーシー,876,2
760位,,悪魔,長兄バール,876,2
761位,,ネクロマンサー,THEY,876,1
762位,,ネクロマンサー,紅緒５,876,0
763位,,ネクロマンサー,叉焼,876,0
764位,,悪魔,ｸﾞﾚﾓﾘｰ,875,4
765位,,ネクロマンサー,ﾄﾞﾄﾞﾘｱ,875,4
766位,,ネクロマンサー,りあめ。,875,4
767位,,ネクロマンサー,Route69,875,4
768位,,ネクロマンサー,テュセ,875,0
769位,,ネクロマンサー,ネクロ〜♪,875,0
770位,,ネクロマンサー,きこ嬢,874,4
771位,,ネクロマンサー,ケルさん,874,4
772位,,ネクロマンサー,みかんたん,874,4
773位,,悪魔,FeohND,874,3
774位,,悪魔,サレア,874,3
775位,,ネクロマンサー,発掘戦艦ひで,874,3
776位,,悪魔,鞭の侯爵,873,4
777位,,ネクロマンサー,攻城専用機,873,4
778位,,ネクロマンサー,誇り無き神霊術師,873,3
779位,,ネクロマンサー,ましろねこ,873,3
780位,,ネクロマンサー,鮟鱇さん,873,3
781位,,悪魔,悪魔だよーん,873,0
782位,,悪魔,カーラMu,872,4
783位,,悪魔,ナアマ,872,4
784位,,ネクロマンサー,たいSON,872,4
785位,,悪魔,なんぼし,872,3
786位,,悪魔,花乱,872,3
787位,,ネクロマンサー,ていむ支援３号,872,0
788位,,悪魔,ｷｬｽﾊﾟｰZ,871,4
789位,,悪魔,【焔】,871,4
790位,,ネクロマンサー,8864,871,4
791位,,ネクロマンサー,バロテッリ,871,4
792位,,ネクロマンサー,すん♪すん♪すん,871,0
793位,,ネクロマンサー,ていむ支援４号,871,0
794位,,悪魔,羅夢☆,870,4
795位,,悪魔,ネイル嬢,870,4
796位,,悪魔,なぁー（♀）,870,4
797位,,ネクロマンサー,モッチモチ,870,4
798位,,ネクロマンサー,Lavender．,870,4
799位,,ネクロマンサー,オシリカジリ虫,870,4
800位,,悪魔,Saya_M,870,2
801位,,ネクロマンサー,ζｺﾞﾐﾒﾓﾘｰｸﾏζ,870,2
802位,,悪魔,そるてぃーらいち,869,4
803位,,ネクロマンサー,√火,869,4
804位,,ネクロマンサー,ψ†クロミ†ψ,869,4
805位,,ネクロマンサー,ブルース甲斐,869,3
806位,,ネクロマンサー,閻魔ねき,868,4
807位,,ネクロマンサー,にゃるさん,868,4
808位,,ネクロマンサー,ﾌﾟﾙｼｬﾝﾌﾞﾙｰ,868,4
809位,,悪魔,みたらし餅,868,3
810位,,悪魔,♪エルメス♪,868,3
811位,,ネクロマンサー,TAGO§,868,3
812位,,悪魔,きゅぼ,868,0
813位,,ネクロマンサー,テーカシマース,868,0
814位,,悪魔,Lemon＠tree,867,4
815位,,ネクロマンサー,いせりあ,867,4
816位,,ネクロマンサー,烈火のごとQ,867,4
817位,,ネクロマンサー,とぅっとぅるー,867,4
818位,,ネクロマンサー,リオック,867,4
819位,,悪魔,ドラゲノス,867,0
820位,,悪魔,はまちゃ〜ん,866,4
821位,,悪魔,ばななかるぴす,866,4
822位,,悪魔,君の後ろに,866,4
823位,,ネクロマンサー,桃鍋,866,4
824位,,ネクロマンサー,やあくん,866,4
825位,,ネクロマンサー,魔轟神,866,4
826位,,悪魔,mottidayo↓↓,866,3
827位,,悪魔,夜うらら,866,3
828位,,ネクロマンサー,かな悪魔,866,2
829位,,悪魔,水乃くらゑ,866,1
830位,,悪魔,Funell,865,4
831位,,悪魔,バルクール,865,3
832位,,ネクロマンサー,Pedant,864,4
833位,,悪魔,DSKO162,864,2
834位,,悪魔,契約中の社員,863,4
835位,,ネクロマンサー,不安,863,4
836位,,ネクロマンサー,本家サタンマリア,863,4
837位,,ネクロマンサー,Ceros,862,4
838位,,ネクロマンサー,♪（欅）♪,862,4
839位,,悪魔,最期の夜,862,3
840位,,ネクロマンサー,（・З・）ﾌﾞ〜,862,3
841位,,ネクロマンサー,さーもん。,861,4
842位,,ネクロマンサー,最後の羅将,861,0
843位,,悪魔,てぃんくる☆,860,4
844位,,ネクロマンサー,天千代,860,4
845位,,悪魔,Cray_,860,3
846位,,悪魔,抹茶花伝,859,4
847位,,悪魔,接死,859,4
848位,,ネクロマンサー,チキス・クライン,859,4
849位,,ネクロマンサー,拷問技術者☆嘘,859,4
850位,,ネクロマンサー,☆留守番☆,859,3
851位,,悪魔,ぱいおつでか美,859,0
852位,,ネクロマンサー,こうなご,859,0
853位,,悪魔,へけーと,858,4
854位,,悪魔,ハトバ,858,4
855位,,悪魔,菊正宗！,857,4
856位,,ネクロマンサー,ウィーゾル,857,4
857位,,ネクロマンサー,ネクロびっち,857,1
858位,,ネクロマンサー,SeaweedUdon☆,857,0
859位,,ネクロマンサー,闇ﾈｸﾛ子,856,3
860位,,悪魔,はみぃさん,855,4
861位,,ネクロマンサー,SteelActive,853,4
862位,,ネクロマンサー,ﾙｳﾞｪﾙﾄﾞ,852,4
863位,,ネクロマンサー,☆ぞう☆,851,3
864位,,ネクロマンサー,ichigeki,851,2
865位,,ネクロマンサー,Broken・Door,850,4
866位,,ネクロマンサー,患亡長官,850,0
867位,,ネクロマンサー,ﾗｼﾞｯｸ,849,1
868位,,ネクロマンサー,わんごろう,848,1
869位,,悪魔,居眠りｼﾞｮﾆー♪,847,4
870位,,悪魔,悪夢のコボルト,846,4
871位,,ネクロマンサー,なりりん,846,4
872位,,ネクロマンサー,ネクロ♪,846,0
873位,,ネクロマンサー,暗明,845,2
874位,,ネクロマンサー,theworld12,845,0
875位,,悪魔,Carameliser☆,844,2
876位,,悪魔,やーん,844,1
877位,,ネクロマンサー,Coronaria,843,3
878位,,悪魔,ナーゲル,842,4
879位,,ネクロマンサー,メチャん子,842,4
880位,,ネクロマンサー,なんおはつじ,842,0
881位,,ネクロマンサー,テネミー,841,4
882位,,悪魔,香爛,841,1
883位,,悪魔,のーくま,841,0
884位,,ネクロマンサー,ムホオォォオ,841,0
885位,,ネクロマンサー,シュトライト,840,4
886位,,悪魔,エロリア,840,1
887位,,ネクロマンサー,ねーむん,840,0
888位,,ネクロマンサー,カカオリゼ,839,4
889位,,ネクロマンサー,gogokk,839,1
890位,,ネクロマンサー,ROSE_OF_PAIN,839,0
891位,,ネクロマンサー,シンビディウム,839,0
892位,,ネクロマンサー,ねっきぃ,839,0
893位,,悪魔,ドルジ3号,838,3
894位,,悪魔,げかさぶ,838,0
895位,,ネクロマンサー,描けないペン,838,0
896位,,ネクロマンサー,サットＳＳＳ,837,0
897位,,ネクロマンサー,マクドナルド店長,836,4
898位,,ネクロマンサー,深田恭子♪,836,1
899位,,ネクロマンサー,ＺＡＲＩＧＡＮＩ,836,0
900位,,ネクロマンサー,近江守,835,0
901位,,ネクロマンサー,カクカクッ！,835,0
902位,,ネクロマンサー,ぎゃちゃぴんトム,834,4
903位,,悪魔,リテ,833,4
904位,,悪魔,毒トリーヌ,833,3
905位,,悪魔,haroVerA,833,0
906位,,悪魔,イボゴリラ,831,4
907位,,悪魔,２０％軽量化,829,3
908位,,悪魔,たまねえ,828,4
909位,,ネクロマンサー,Fresh☆Fit,828,4
910位,,ネクロマンサー,♀魔王♀,828,3
911位,,ネクロマンサー,黒曼,828,0
912位,,悪魔,Red_Eye,827,1
913位,,ネクロマンサー,Blue_Trip,827,1
914位,,悪魔,～骨～,827,0
915位,,ネクロマンサー,嫉妬の魔女,826,0
916位,,悪魔,烈火＞人妖＜裏切,825,4
917位,,ネクロマンサー,翠華＊,825,2
918位,,悪魔,小心者。,825,1
919位,,悪魔,Nekromantin,824,4
920位,,ネクロマンサー,ヨシよし,824,2
921位,,ネクロマンサー,甘いﾄｳﾓﾛｺｼ,824,0
922位,,ネクロマンサー,Empty☆,823,4
923位,,ネクロマンサー,ｓig,823,4
924位,,ネクロマンサー,蒼悪魔,823,0
925位,,悪魔,xネクロマンサーx,822,3
926位,,ネクロマンサー,汀花,821,2
927位,,悪魔,せらふぃな,821,0
928位,,悪魔,001yuuma,820,4
929位,,悪魔,メアメイ,820,4
930位,,ネクロマンサー,コツポン,820,4
931位,,悪魔,シェイエン,820,3
932位,,ネクロマンサー,地獄の炎,820,3
933位,,悪魔,ｽﾄﾛﾝｸﾞﾏｼﾝ2号,820,2
934位,,悪魔,夜明けの光,820,1
935位,,ネクロマンサー,京・都子,820,0
936位,,ネクロマンサー,死霊叫喚士,819,3
937位,,ネクロマンサー,Dietlinde,819,1
938位,,ネクロマンサー,Reincarnation♪,819,0
939位,,悪魔,会長辞任？,818,4
940位,,ネクロマンサー,スラたろう,818,4
941位,,ネクロマンサー,煉獄極楽鳥,818,2
942位,,ネクロマンサー,登悪魔,817,1
943位,,ネクロマンサー,コンドル６５,817,0
944位,,悪魔,ペラペラペラオ,815,4
945位,,悪魔,xXDiavolaXx,815,0
946位,,ネクロマンサー,DENV,814,4
947位,,悪魔,低下ぺー,814,1
948位,,ネクロマンサー,Liberation,813,1
949位,,ネクロマンサー,猫ロマンサー,812,0
950位,,ネクロマンサー,FoxEll,811,4
951位,,悪魔,十円GDX,811,2
952位,,ネクロマンサー,ロロノ,811,2
953位,,ネクロマンサー,！宣戦布告！,811,1
954位,,ネクロマンサー,ﾈｸﾛ大好き,811,0
955位,,悪魔,ブッフ,809,4
956位,,悪魔,とこ豚骨,809,0
957位,,悪魔,仮面の人,808,1
958位,,悪魔,まんさ～,808,0
959位,,悪魔,へケート,807,3
960位,,ネクロマンサー,かなでしの幼馴染,807,1
961位,,ネクロマンサー,チワワ＠さん,806,4
962位,,ネクロマンサー,金鯖育ち,806,0
963位,,ネクロマンサー,Frustration,805,4
964位,,ネクロマンサー,ラスカリス☆,805,1
965位,,悪魔,煌蓮華,805,0
966位,,悪魔,黒の微糖,805,0
967位,,悪魔,とり低下するマン,804,1
968位,,ネクロマンサー,琉歌μ,804,1
969位,,ネクロマンサー,えびの骨,804,0
970位,,ネクロマンサー,Astronaut_bit,804,0
971位,,ネクロマンサー,♪小田真理♪,803,3
972位,,悪魔,天鞭,802,1
973位,,ネクロマンサー,ちょい悪の悪魔様,801,4
974位,,悪魔,ねくろんぽん,801,0
975位,,悪魔,ねくろぽんⅱ,801,0
976位,,悪魔,LamentElise,801,0
977位,,ネクロマンサー,低下ばらまき君,801,0
978位,,ネクロマンサー,GOD9,801,0
979位,,ネクロマンサー,工ガチャン,801,0
980位,,ネクロマンサー,Yoshi4496,800,3
981位,,ネクロマンサー,明石の姫君,800,2
982位,,ネクロマンサー,ﾈｸﾛﾏﾝｼﾝｸﾞｻｶﾞ,800,0
983位,,ネクロマンサー,激流大隊長α,799,4
984位,,ネクロマンサー,ねこねくろ,799,1
985位,,悪魔,コタツ！,799,0
986位,,ネクロマンサー,コンドル６６,799,0
987位,,ネクロマンサー,リーター,798,2
988位,,ネクロマンサー,届かない世界,798,1
989位,,悪魔,さしみ。,797,4
990位,,悪魔,Lemon∮tree,797,3
991位,,悪魔,ちょろめ,794,1
992位,,悪魔,ss_000,792,3
993位,,ネクロマンサー,当るかな？,792,0
994位,,ネクロマンサー,ネムリブカ,791,0
995位,,ネクロマンサー,みちゃりの,789,1
996位,,ネクロマンサー,のえるん,788,0
997位,,ネクロマンサー,暗星,788,0
998位,,悪魔,†ﾙｼﾌｧｰ†,787,4
999位,,悪魔,昼壊し,787,3
