1位,,ビーストテイマー,腐敗キノコ,1702,5
2位,,ビーストテイマー,てのひら,1524,5
3位,,サマナー,ろずこ,1517,5
4位,,サマナー,くるる♪,1488,3
5位,,サマナー,凛々月,1408,5
6位,,ビーストテイマー,ガル子,1372,5
7位,,ビーストテイマー,永遠の暗闇,1369,5
8位,,サマナー,ほしめろちゃん,1341,5
9位,,ビーストテイマー,xたまきちx,1324,5
10位,,サマナー,ｙｏｐｈｙ,1308,5
11位,,ビーストテイマー,三ツ星カルテット,1305,5
12位,,サマナー,Vermelho,1300,5
13位,,サマナー,パイン・デ・ロイ,1300,5
14位,,サマナー,ぽみサマ,1280,5
15位,,サマナー,ぽみらにゃん,1268,5
16位,,サマナー,血染めの黒兎,1268,5
17位,,ビーストテイマー,ゼラスメタリウム,1268,5
18位,,サマナー,あぷりこ,1267,5
19位,,ビーストテイマー,宇宙ゴミちゃん,1267,5
20位,,サマナー,紫鯖代表の変態,1262,5
21位,,ビーストテイマー,ぽみえ,1258,5
22位,,サマナー,プラスチック製,1253,0
23位,,サマナー,あかしゃち,1250,5
24位,,サマナー,てまぽこ,1244,5
25位,,ビーストテイマー,きりたん,1242,5
26位,,サマナー,百鬼あやめ,1221,5
27位,,サマナー,ルーベナ,1217,5
28位,,サマナー,はみんな,1209,5
29位,,ビーストテイマー,Reol‐mer‐,1192,5
30位,,サマナー,Mateus,1189,5
31位,,ビーストテイマー,めろん５,1188,5
32位,,サマナー,紅鸞,1184,5
33位,,サマナー,meimei727,1158,5
34位,,サマナー,亜弥芽,1152,5
35位,,サマナー,おにぞり,1129,5
36位,,ビーストテイマー,†tartex†,1115,5
37位,,サマナー,甘味料,1110,2
38位,,ビーストテイマー,テイマラスター,1109,5
39位,,サマナー,ぱろむ,1109,0
40位,,サマナー,∴たーちゃん∴,1107,5
41位,,サマナー,人生楽ありゃ♪Ｑ,1106,5
42位,,ビーストテイマー,りあな☆ろっこ,1106,5
43位,,サマナー,水心宮前映琴山,1096,5
44位,,サマナー,きみいろ。,1075,5
45位,,サマナー,BlooG,1074,5
46位,,サマナー,mirumon3,1067,5
47位,,サマナー,おいしいエサ,1063,5
48位,,サマナー,〜橙〜,1062,5
49位,,ビーストテイマー,小茉里,1062,5
50位,,ビーストテイマー,倉之助テイマ２,1061,5
51位,,サマナー,ころん☆るうるぅ,1056,5
52位,,ビーストテイマー,チャラリーマン,1055,5
53位,,サマナー,CutePiper,1053,5
54位,,ビーストテイマー,Poitt,1051,5
55位,,サマナー,快活ねえさん,1050,5
56位,,サマナー,シンディ・クロエ,1047,5
57位,,サマナー,グラウシェラー�U,1046,5
58位,,サマナー,楽団員,1040,5
59位,,サマナー,腐敗モナカ,1037,5
60位,,サマナー,ぱてぃこ,1037,5
61位,,サマナー,楓浜,1035,5
62位,,サマナー,Hitomi_Ver1．1,1035,5
63位,,サマナー,病弱サマナー,1032,5
64位,,ビーストテイマー,娘紫,1031,5
65位,,サマナー,湖底紅月,1028,5
66位,,サマナー,アグ・ウォーカー,1028,5
67位,,サマナー,シルビー☆,1026,5
68位,,サマナー,エレーン�X,1026,5
69位,,サマナー,ALKYON,1024,5
70位,,サマナー,Moonberry,1021,5
71位,,サマナー,アムリタ☆,1019,5
72位,,ビーストテイマー,reira姫,1019,5
73位,,サマナー,赤鯖のてくてく,1019,4
74位,,サマナー,おそまつさん,1018,5
75位,,ビーストテイマー,たのしみなおちち,1018,5
76位,,サマナー,スサノヲω,1017,5
77位,,サマナー,OeilletenDelta,1017,5
78位,,サマナー,バカボンちゃん♪,1016,5
79位,,サマナー,彷徨うオッサン,1015,5
80位,,ビーストテイマー,咲良（sakura☆）,1014,5
81位,,ビーストテイマー,うりT,1014,5
82位,,サマナー,あや☆たかしの嫁,1012,5
83位,,サマナー,ことりんぐ,1010,5
84位,,ビーストテイマー,キラ・・ヤマト,1010,5
85位,,ビーストテイマー,γｻﾌﾞﾏﾘﾝγ,1010,5
86位,,ビーストテイマー,イタスパ,1010,5
87位,,ビーストテイマー,UTA_テイマ,1009,5
88位,,ビーストテイマー,マリーー,1009,4
89位,,サマナー,神代睦月,1008,5
90位,,サマナー,碧愛（aoi☆）,1008,5
91位,,サマナー,SKEETER,1007,5
92位,,ビーストテイマー,へろっち,1006,5
93位,,ビーストテイマー,パチプロ軍団長,1005,5
94位,,サマナー,DreamyCrown,1004,5
95位,,サマナー,洋司２,1004,5
96位,,ビーストテイマー,メイのほっぺ,1004,5
97位,,ビーストテイマー,エビフライ大谷,1004,5
98位,,ビーストテイマー,teinen2,1004,5
99位,,サマナー,おちゃおちゃ,1002,5
100位,,サマナー,俺ゲイルmk‐�U,1002,5
101位,,サマナー,ヤニック,1002,5
102位,,サマナー,アンネ＝マリー,1002,5
103位,,ビーストテイマー,てぃむ☆てぃむ,1002,5
104位,,サマナー,凛めろ,1001,5
105位,,ビーストテイマー,みちる‐奏‐,1001,5
106位,,サマナー,サリネ,1000,5
107位,,サマナー,笛吹きうまか,1000,5
108位,,サマナー,文子さん,1000,5
109位,,サマナー,友美子さん,1000,5
110位,,サマナー,孝子さん,1000,5
111位,,サマナー,シュミッターver2,1000,5
112位,,サマナー,あまんちゅ,1000,5
113位,,サマナー,Fooboo,1000,5
114位,,サマナー,SirLorenzo,1000,5
115位,,ビーストテイマー,飼育がかり,1000,5
116位,,ビーストテイマー,甕星つばめ,1000,5
117位,,サマナー,紗麻那,999,5
118位,,サマナー,かもすぞ〜3,999,5
119位,,ビーストテイマー,地下熟チーズ,999,5
120位,,ビーストテイマー,γｻﾌﾞﾏﾘﾝ,999,5
121位,,ビーストテイマー,keito・,998,0
122位,,ビーストテイマー,CherryShuffle,997,5
123位,,サマナー,どなぴく,996,5
124位,,ビーストテイマー,Ｘ薫さんＸ,996,5
125位,,サマナー,ｌave様,993,5
126位,,サマナー,サラサマナー,992,0
127位,,サマナー,ろっか°,991,5
128位,,サマナー,ペチャ娘,990,5
129位,,サマナー,綺羅りん☆,990,1
130位,,サマナー,ピボ,989,5
131位,,サマナー,MINT☆,989,5
132位,,サマナー,スキャマンダー,987,5
133位,,ビーストテイマー,☆赤☆瑞☆,987,5
134位,,サマナー,美笛♪（15）,986,5
135位,,ビーストテイマー,ここち,986,2
136位,,サマナー,ピンク・ピンク,985,5
137位,,サマナー,hitomi＠,984,5
138位,,サマナー,導きのガックシ,984,5
139位,,ビーストテイマー,くるるΣ,984,3
140位,,ビーストテイマー,コッコロ☆,983,5
141位,,サマナー,月海姫,982,5
142位,,サマナー,私が好きなら,982,5
143位,,サマナー,カーミュ,980,5
144位,,ビーストテイマー,じんべえ。,980,5
145位,,ビーストテイマー,うっちい〜,979,5
146位,,サマナー,mikky,978,5
147位,,サマナー,あが〜い�V,978,5
148位,,ビーストテイマー,エマブル,978,5
149位,,ビーストテイマー,samnmm,978,5
150位,,ビーストテイマー,愛姫夢,978,5
151位,,サマナー,もぺもぺ,976,5
152位,,サマナー,萌騎,975,5
153位,,ビーストテイマー,卍紅劉卍,975,5
154位,,サマナー,たまきちEx,974,5
155位,,サマナー,‡Estellise‡,973,5
156位,,ビーストテイマー,ｗテフテフｗ,973,5
157位,,サマナー,はるのしおばな,971,5
158位,,ビーストテイマー,シャルール,971,5
159位,,サマナー,サマナーカモナー,970,5
160位,,ビーストテイマー,B−Sａｒｉｘｓｎ,970,5
161位,,ビーストテイマー,＋エリカ＋,970,5
162位,,ビーストテイマー,ニコニコ＾＾プン,969,5
163位,,ビーストテイマー,γｻﾌﾞﾏﾘﾝ�Aγ,969,5
164位,,サマナー,トニーちゃん,969,4
165位,,サマナー,ぷーくすくす,968,5
166位,,ビーストテイマー,更ちゃん,968,5
167位,,ビーストテイマー,☆みこち☆,968,5
168位,,ビーストテイマー,こよりんりん☆,968,4
169位,,サマナー,海☆星,968,3
170位,,サマナー,アゲアゲギャル,968,3
171位,,ビーストテイマー,☆ていまだよ〜ん,967,5
172位,,ビーストテイマー,≡☆バン！,967,5
173位,,サマナー,ぼーでぃがー,967,2
174位,,サマナー,マンゴーちゃん,966,5
175位,,ビーストテイマー,ジャパンカップ,966,5
176位,,サマナー,LockonStraios,965,5
177位,,ビーストテイマー,Orianthi☆,965,5
178位,,ビーストテイマー,たぬこ,965,5
179位,,ビーストテイマー,テイマっち,965,5
180位,,ビーストテイマー,†リムル†,965,0
181位,,サマナー,CalamityJane,964,5
182位,,ビーストテイマー,Adel☆,964,5
183位,,ビーストテイマー,サラディソ,963,0
184位,,サマナー,エリンギ食べた,962,5
185位,,サマナー,くるみこ,962,5
186位,,ビーストテイマー,ポイズンシュート,962,5
187位,,ビーストテイマー,ぬまえび3号,962,5
188位,,ビーストテイマー,†胡桃†,962,5
189位,,ビーストテイマー,ドランパイア,962,5
190位,,サマナー,HOKUTO☆merime,961,5
191位,,サマナー,ちゃこ玉,961,5
192位,,ビーストテイマー,神代☆睦月,961,5
193位,,ビーストテイマー,みかりん調教師,961,5
194位,,サマナー,�I杠�I,961,0
195位,,ビーストテイマー,たぬていま,961,0
196位,,ビーストテイマー,一升瓶,960,5
197位,,ビーストテイマー,eraikocha,960,5
198位,,ビーストテイマー,puri☆サマナ,960,5
199位,,サマナー,☆SHIGE,959,5
200位,,サマナー,BubbleGumFellow,959,5
201位,,サマナー,秋生,959,5
202位,,サマナー,ﾁｬｰﾐｰ･ﾊﾟﾋﾟｯﾄｿﾝ,959,5
203位,,ビーストテイマー,George4,959,5
204位,,サマナー,ティマSP,958,5
205位,,サマナー,satera�I,958,5
206位,,ビーストテイマー,らくす・クライン,958,0
207位,,ビーストテイマー,みさき☆彡,958,0
208位,,ビーストテイマー,妙雪†,958,0
209位,,サマナー,HERRshaft,957,5
210位,,サマナー,東方紅紅,956,5
211位,,サマナー,雨天気,955,5
212位,,サマナー,てかや,955,5
213位,,ビーストテイマー,DannyFirst,955,5
214位,,ビーストテイマー,タイプ☆マコ,955,5
215位,,ビーストテイマー,〜きらり〜,955,5
216位,,ビーストテイマー,ゲリピーピー,955,4
217位,,サマナー,Strauss,954,5
218位,,サマナー,kotyon,954,5
219位,,サマナー,わけわか,954,5
220位,,サマナー,うーにゃ♪,953,5
221位,,サマナー,はむぅ・はむ,953,5
222位,,サマナー,ゆず【火の一族】,953,5
223位,,サマナー,ﾚｲﾃﾞｨｱﾝﾄ・ﾊｳﾙ,953,5
224位,,ビーストテイマー,稼ぎたい,953,5
225位,,ビーストテイマー,sakura_matou,953,5
226位,,ビーストテイマー,あーやたん,953,1
227位,,サマナー,ж綾乃,952,5
228位,,ビーストテイマー,ケボっち二世,952,5
229位,,サマナー,ωぽろむ,952,0
230位,,ビーストテイマー,らくす・みーあ,952,0
231位,,サマナー,さくらひまわり,951,5
232位,,サマナー,猫むすめ,951,5
233位,,サマナー,殺生桜,951,5
234位,,ビーストテイマー,矛盾なテイサマ,951,5
235位,,ビーストテイマー,☆リリス姫☆,951,5
236位,,ビーストテイマー,びいすとてい,951,5
237位,,サマナー,かそりーぬ,950,5
238位,,サマナー,リマソン,950,5
239位,,ビーストテイマー,涼音☆彡,950,5
240位,,ビーストテイマー,なな丸,950,5
241位,,ビーストテイマー,向日葵ちゃん,950,3
242位,,サマナー,竹乃井,949,5
243位,,ビーストテイマー,…とんちゃん…,949,5
244位,,ビーストテイマー,呑子,949,5
245位,,ビーストテイマー,tulip,949,2
246位,,サマナー,さもぺっと,948,5
247位,,ビーストテイマー,Rioα☆,948,4
248位,,ビーストテイマー,さざなみの涙,948,2
249位,,サマナー,桃まんじゅう,947,5
250位,,サマナー,イタスパura,947,5
251位,,サマナー,サピカ,947,5
252位,,ビーストテイマー,ψていまーψ,947,5
253位,,ビーストテイマー,ウワウワの娘,947,5
254位,,サマナー,激☆☆,947,4
255位,,ビーストテイマー,ｵｰﾄﾞﾘｰ,947,0
256位,,サマナー,たまねぎスープ,946,5
257位,,サマナー,lucky☆彡,946,5
258位,,ビーストテイマー,ｹﾞｷｶﾗ,946,5
259位,,ビーストテイマー,竈門カナヲ,946,5
260位,,ビーストテイマー,華姫夢,946,5
261位,,サマナー,もずくの下僕,945,5
262位,,サマナー,フウﾘン,945,5
263位,,ビーストテイマー,モコメッツォ,945,5
264位,,ビーストテイマー,おちびちゃん,945,5
265位,,ビーストテイマー,小麦の粉,945,3
266位,,サマナー,いぬかい,944,5
267位,,サマナー,チョコ中毒,944,5
268位,,サマナー,まいけん,944,5
269位,,ビーストテイマー,山吹先生,944,5
270位,,ビーストテイマー,ひざの,944,5
271位,,サマナー,伊吹§みなも,944,0
272位,,サマナー,浮かれポンチ,943,5
273位,,サマナー,snamaxa,943,5
274位,,ビーストテイマー,ポインゴ,943,5
275位,,ビーストテイマー,サミディ☆,943,5
276位,,ビーストテイマー,ほわわ,943,5
277位,,ビーストテイマー,ちびもか,943,5
278位,,サマナー,シャベルメンルイ,943,4
279位,,サマナー,おっぱいの実,942,5
280位,,ビーストテイマー,おづの,942,5
281位,,ビーストテイマー,∬お花畑ちゃん∬,942,5
282位,,ビーストテイマー,Himiko_5,942,5
283位,,サマナー,ケボっちＶ世,941,5
284位,,サマナー,Mycorinne,941,5
285位,,ビーストテイマー,幻影神,941,5
286位,,ビーストテイマー,☆なつめ☆,941,5
287位,,ビーストテイマー,ミニ粒あんぱん,941,5
288位,,サマナー,なのは王国の姫,941,4
289位,,サマナー,RedScanty,940,5
290位,,サマナー,HederaHelix,940,5
291位,,サマナー,ラシェス,940,5
292位,,ビーストテイマー,にゃろらいん,940,5
293位,,ビーストテイマー,水土あさり♪,940,5
294位,,ビーストテイマー,kuma1106,940,5
295位,,ビーストテイマー,ﾚヴｪﾘｰﾒｻﾞｰﾗﾝｽ,940,5
296位,,サマナー,アミュール,940,4
297位,,サマナー,はすた,939,5
298位,,サマナー,きなっ粉,939,5
299位,,サマナー,☆pialin☆,939,5
300位,,サマナー,Hypotension_SUM,939,5
301位,,ビーストテイマー,☆かぼちゃ☆,939,5
302位,,ビーストテイマー,soul_mate,939,5
303位,,サマナー,サマリア,939,4
304位,,ビーストテイマー,よっし棒,939,4
305位,,サマナー,_UTA_,939,3
306位,,サマナー,ジョルレイル,939,3
307位,,サマナー,ｓサマナーリオｓ,938,5
308位,,サマナー,とっとくん,938,5
309位,,ビーストテイマー,LucciCP0,938,5
310位,,ビーストテイマー,red_diamond,938,5
311位,,ビーストテイマー,☆お蝶☆彡,938,5
312位,,ビーストテイマー,☆ていまどす☆,938,4
313位,,ビーストテイマー,テンパリ王女,938,0
314位,,サマナー,マルナー,937,5
315位,,サマナー,タウリン3000mg,937,5
316位,,サマナー,さもなん,937,5
317位,,ビーストテイマー,God_テイマ,937,5
318位,,ビーストテイマー,☆アッコ☆,937,5
319位,,ビーストテイマー,闇姫Ж黴麗,937,5
320位,,ビーストテイマー,女王様とお呼び�U,937,4
321位,,サマナー,必達,936,5
322位,,ビーストテイマー,南国大先生,936,5
323位,,ビーストテイマー,桜テイマ,936,5
324位,,ビーストテイマー,トンカラトン,936,5
325位,,サマナー,サーナキ,935,5
326位,,サマナー,☆◇HIIRO◇☆,935,5
327位,,ビーストテイマー,グロリア＄,935,5
328位,,サマナー,＠えいみー！,935,4
329位,,サマナー,＊獣使01＊,935,4
330位,,サマナー,鬼石,935,4
331位,,サマナー,☆akurosu☆,935,4
332位,,サマナー,馬子唄,935,1
333位,,ビーストテイマー,風冴,935,1
334位,,サマナー,Selphie_Tilmitt,934,5
335位,,サマナー,＊深奏＊,934,5
336位,,ビーストテイマー,ソーシー,934,5
337位,,ビーストテイマー,依存姫†,934,5
338位,,ビーストテイマー,ウワウワの心,934,5
339位,,ビーストテイマー,жｱﾌﾟﾘｺｯﾄж,934,5
340位,,サマナー,欧米で一番お姫様,934,4
341位,,サマナー,ふぁらはん,933,5
342位,,サマナー,みいろ☆彡,933,5
343位,,サマナー,LALARURU,933,5
344位,,サマナー,しずえさん,933,5
345位,,サマナー,Summonberry,933,5
346位,,サマナー,ｸﾞﾚｯｻﾝの娘,933,5
347位,,サマナー,呑華臥酒☆,933,5
348位,,ビーストテイマー,はる茶,933,5
349位,,ビーストテイマー,境界の彼方,933,5
350位,,ビーストテイマー,宇宙の法則,933,5
351位,,ビーストテイマー,笛吹いとくわ,933,5
352位,,サマナー,ひっぴさん≧д≦,933,4
353位,,ビーストテイマー,streptosolen,933,0
354位,,サマナー,アリスミント,932,5
355位,,サマナー,とｔと,932,5
356位,,サマナー,ポポパ,932,5
357位,,サマナー,ZuckerBeschworer,932,5
358位,,ビーストテイマー,さなおっお,932,5
359位,,ビーストテイマー,なかまづくり,932,5
360位,,ビーストテイマー,�]エミー�],932,5
361位,,ビーストテイマー,鏡花銀月,932,5
362位,,ビーストテイマー,槇絵,932,5
363位,,ビーストテイマー,ファミがＮｏ．１,932,5
364位,,ビーストテイマー,ふぁま,932,5
365位,,ビーストテイマー,かりんちゃん2才,932,4
366位,,ビーストテイマー,寵霊,932,3
367位,,ビーストテイマー,nacoo,932,3
368位,,サマナー,たぴすけ,932,2
369位,,ビーストテイマー,土竜は竜ですか？,932,2
370位,,ビーストテイマー,ichigoman,932,0
371位,,サマナー,バルキリー鷹,931,5
372位,,サマナー,ﾐｭﾘｴﾙ･ｺﾙﾃ,931,5
373位,,サマナー,ハミさん,931,5
374位,,サマナー,milky_cat♪,931,5
375位,,ビーストテイマー,S☆TUNA,931,5
376位,,ビーストテイマー,リバイヤさん,931,5
377位,,ビーストテイマー,西新井,931,5
378位,,ビーストテイマー,かぷかぷ,931,5
379位,,ビーストテイマー,治子,931,5
380位,,ビーストテイマー,武天老師様,931,5
381位,,ビーストテイマー,Arrow_J_O,931,5
382位,,ビーストテイマー,LynchBages,931,5
383位,,サマナー,ぃくみ☆彡,931,4
384位,,サマナー,ЖユニЖ,931,3
385位,,ビーストテイマー,パープルダイヤ,931,3
386位,,サマナー,£JanneDaArc£,931,1
387位,,ビーストテイマー,凛架,931,1
388位,,ビーストテイマー,こまたま,931,1
389位,,ビーストテイマー,KAITO☆merime,931,0
390位,,ビーストテイマー,りぽ♪,931,0
391位,,サマナー,横笛ポーちゃん,930,5
392位,,ビーストテイマー,赤頭巾ﾁｬﾁｬ,930,5
393位,,ビーストテイマー,TALEM,930,5
394位,,ビーストテイマー,Ice_Minｔ,930,5
395位,,ビーストテイマー,操り幼女48,930,3
396位,,サマナー,カーラ・ステラ,929,5
397位,,サマナー,hama110,929,5
398位,,サマナー,風苓,929,5
399位,,サマナー,岩倉みかん,929,5
400位,,サマナー,Kashiwagi,929,5
401位,,ビーストテイマー,聖水牙,929,5
402位,,ビーストテイマー,麒麟＃２,929,5
403位,,ビーストテイマー,TUTO♪,929,5
404位,,ビーストテイマー,楽士ろば,929,5
405位,,サマナー,けみすとり〜,929,2
406位,,サマナー,マナの種,929,1
407位,,サマナー,PuePue,928,5
408位,,サマナー,☆ぷちごんた☆,928,5
409位,,サマナー,meliliver,928,5
410位,,サマナー,ぉ茶々,928,5
411位,,サマナー,バードマンＰ,928,5
412位,,サマナー,いろはす水,928,5
413位,,サマナー,Eula,928,5
414位,,ビーストテイマー,kimera99,928,5
415位,,ビーストテイマー,エスポワール♪,928,5
416位,,ビーストテイマー,☆A−ｃｈａｎ☆,928,5
417位,,ビーストテイマー,りん☆ふぃる,928,5
418位,,ビーストテイマー,あぷにこ,928,4
419位,,サマナー,Lujan,928,3
420位,,ビーストテイマー,xion2,928,3
421位,,サマナー,佐藤・,927,5
422位,,サマナー,もりさまー,927,5
423位,,サマナー,シオ君,927,5
424位,,サマナー,ジエフ,927,5
425位,,ビーストテイマー,ｴｸｾﾚﾝ･ﾌﾞﾛｳﾆﾝｸﾞ,927,5
426位,,ビーストテイマー,☆千薫,927,5
427位,,ビーストテイマー,TKAS,927,5
428位,,ビーストテイマー,楽音色♪,927,0
429位,,サマナー,赤い日記帳,926,5
430位,,サマナー,ばにら餅,926,5
431位,,サマナー,Pastorale,926,5
432位,,ビーストテイマー,世界第二位,926,5
433位,,ビーストテイマー,クマのぷぅさん,926,5
434位,,ビーストテイマー,召喚士あうら,926,5
435位,,ビーストテイマー,マスター幼女提督,926,5
436位,,ビーストテイマー,Max_Beauty,926,5
437位,,ビーストテイマー,LVzhi,926,5
438位,,ビーストテイマー,ぴーひょろ,926,5
439位,,ビーストテイマー,Trisha･Elric,926,5
440位,,ビーストテイマー,繊華,926,5
441位,,ビーストテイマー,テイマー探偵みお,926,2
442位,,ビーストテイマー,☆よっしー棒Ｒ,926,0
443位,,サマナー,SexyStyle,925,5
444位,,サマナー,ヘルブラ,925,5
445位,,サマナー,ハテナ,925,5
446位,,サマナー,ネコサンバ,925,5
447位,,サマナー,まきげちゃん,925,5
448位,,ビーストテイマー,鈴井友希,925,5
449位,,ビーストテイマー,かぷかぷ2号,925,5
450位,,ビーストテイマー,☆アナリサ☆,925,5
451位,,ビーストテイマー,lave様,925,5
452位,,ビーストテイマー,抹茶ラスク,925,5
453位,,ビーストテイマー,眠月,925,5
454位,,ビーストテイマー,スサノヲη,925,5
455位,,ビーストテイマー,りおっと,925,5
456位,,ビーストテイマー,ビエナ,925,5
457位,,ビーストテイマー,＝不夜城＝,925,5
458位,,ビーストテイマー,るぃ☆彡,925,5
459位,,ビーストテイマー,コッコちゃん,925,5
460位,,ビーストテイマー,☆Ｍ♪,925,4
461位,,サマナー,ミクロラスボラ,925,3
462位,,サマナー,野菜人ω,925,1
463位,,サマナー,とまと休養日,924,5
464位,,サマナー,☆ラブミルク☆,924,5
465位,,サマナー,ひとつとせ,924,5
466位,,サマナー,四聖天灯,924,5
467位,,サマナー,COAL_ILA12,924,5
468位,,サマナー,ひらがなさまな,924,5
469位,,サマナー,☆チョコケーキ♪,924,5
470位,,ビーストテイマー,†ルフィア†,924,5
471位,,ビーストテイマー,◇ミルラの雫◇,924,5
472位,,ビーストテイマー,kiyameronn,924,5
473位,,ビーストテイマー,MGGC＆テイマ,924,5
474位,,ビーストテイマー,康子,924,5
475位,,ビーストテイマー,乾杯rush！,924,5
476位,,ビーストテイマー,♪ここあ♪,924,5
477位,,ビーストテイマー,＠アキラ＠,924,5
478位,,サマナー,Squeal,924,4
479位,,サマナー,狗取様名,924,4
480位,,ビーストテイマー,ピルエラ,924,4
481位,,ビーストテイマー,華京院夏美,924,4
482位,,ビーストテイマー,マサマサ1209,924,3
483位,,ビーストテイマー,ぺーじわん,924,3
484位,,ビーストテイマー,☆うちのていま☆,924,2
485位,,ビーストテイマー,†グルー†,924,1
486位,,サマナー,私、サマナーです,923,5
487位,,サマナー,Osian,923,5
488位,,サマナー,ハイスイ,923,5
489位,,サマナー,HaruCha,923,5
490位,,サマナー,LoveYourself,923,5
491位,,サマナー,めりな,923,5
492位,,サマナー,単３形乾電池,923,5
493位,,サマナー,静乃,923,5
494位,,サマナー,tsubaki�V,923,5
495位,,ビーストテイマー,dａｎzou,923,5
496位,,ビーストテイマー,テフイェマラー,923,5
497位,,ビーストテイマー,まちゅまちゅ,923,5
498位,,ビーストテイマー,紅の♀豚,923,5
499位,,ビーストテイマー,♪♪毬藻♪♪,923,5
500位,,ビーストテイマー,賞味期限切れのひ,923,5
501位,,ビーストテイマー,極うまっ,923,5
502位,,ビーストテイマー,o筋熊ο,923,5
503位,,ビーストテイマー,偽りの操り魔,923,5
504位,,サマナー,りーぜら,923,2
505位,,ビーストテイマー,☆とんま☆,923,1
506位,,サマナー,§キト§,923,0
507位,,サマナー,啓子さん,923,0
508位,,サマナー,ウィネット,922,5
509位,,サマナー,庄助,922,5
510位,,サマナー,ブルーサティマ,922,5
511位,,サマナー,來鈴,922,5
512位,,サマナー,〜魔物つかい〜,922,5
513位,,サマナー,しぇりん,922,5
514位,,サマナー,メルミルム,922,5
515位,,サマナー,ﾅﾝﾊﾞｰ☆ｶﾞｰﾙ,922,5
516位,,サマナー,xレディバグx,922,5
517位,,ビーストテイマー,月曜日のたわわ,922,5
518位,,ビーストテイマー,あめんぼう＠,922,5
519位,,ビーストテイマー,ラピア☆,922,5
520位,,ビーストテイマー,でお,922,5
521位,,ビーストテイマー,あんたがたどこさ,922,5
522位,,ビーストテイマー,テマ！,922,5
523位,,ビーストテイマー,morimori32,922,5
524位,,ビーストテイマー,◎うぃ◎,922,5
525位,,ビーストテイマー,Guilltyi,922,5
526位,,ビーストテイマー,EYEЖ,922,5
527位,,サマナー,桃美人,922,4
528位,,ビーストテイマー,OoすふにゃんoO,922,4
529位,,ビーストテイマー,慈母星,922,3
530位,,ビーストテイマー,シナモン♪,922,3
531位,,ビーストテイマー,Xiaolu,922,1
532位,,ビーストテイマー,lliooill,922,1
533位,,ビーストテイマー,笛吹き童女04,922,0
534位,,ビーストテイマー,†零蓮†,922,0
535位,,サマナー,蚊取り先行,921,5
536位,,サマナー,SugarPeach,921,5
537位,,サマナー,ちゃまめこ,921,5
538位,,サマナー,xUULAx,921,5
539位,,サマナー,siro_dayo,921,5
540位,,ビーストテイマー,ラベン,921,5
541位,,ビーストテイマー,しぇいみい,921,5
542位,,ビーストテイマー,バンジョー英二,921,5
543位,,ビーストテイマー,無敵のマイキー,921,5
544位,,ビーストテイマー,ひまり＊,921,5
545位,,ビーストテイマー,teinen0,921,5
546位,,ビーストテイマー,veza,921,5
547位,,ビーストテイマー,月迷宮,921,5
548位,,サマナー,さまなです！,920,5
549位,,サマナー,鳥籠ノ國ノアリス,920,5
550位,,サマナー,ブルネンドール,920,5
551位,,サマナー,エマちゃん,920,5
552位,,サマナー,はーれー,920,5
553位,,サマナー,□卜リ力゛,920,5
554位,,サマナー,放蕩少女,920,5
555位,,ビーストテイマー,（｀･ω･´）ﾓｷｭ!,920,5
556位,,ビーストテイマー,明璃,920,5
557位,,ビーストテイマー,ラスター�U,920,5
558位,,ビーストテイマー,ξちひろ,920,5
559位,,ビーストテイマー,めろこぎ,920,5
560位,,ビーストテイマー,karokaro,920,5
561位,,ビーストテイマー,金冬2,920,5
562位,,ビーストテイマー,かぉちゃ,920,5
563位,,ビーストテイマー,かおチャ,920,5
564位,,ビーストテイマー,かおちゃ。,920,5
565位,,サマナー,悪魔の手先,920,4
566位,,ビーストテイマー,VR38DETT,920,4
567位,,サマナー,サマナッツ,920,3
568位,,ビーストテイマー,フェアリー・レイ,920,3
569位,,ビーストテイマー,LexusJr,920,3
570位,,サマナー,☆さつまりこ☆,920,2
571位,,ビーストテイマー,FEMC,920,2
572位,,ビーストテイマー,☆びすとていま☆,920,1
573位,,ビーストテイマー,ζあにまるζ,920,0
574位,,サマナー,姫咲ミア,919,5
575位,,サマナー,清宮幸太郎,919,5
576位,,サマナー,夜フォージャー,919,5
577位,,サマナー,ぽぽ子,919,5
578位,,サマナー,揚げ鶏,919,5
579位,,ビーストテイマー,魔法の森の人形師,919,5
580位,,ビーストテイマー,ビオレ・ママ,919,5
581位,,ビーストテイマー,�Wanju�W,919,5
582位,,ビーストテイマー,引率師,919,5
583位,,ビーストテイマー,エリアハーベスト,919,5
584位,,ビーストテイマー,Every10,919,5
585位,,ビーストテイマー,爻流れ星爻,919,5
586位,,ビーストテイマー,うさんとす,919,5
587位,,ビーストテイマー,山吹狐,919,5
588位,,サマナー,Sakulla,919,4
589位,,サマナー,サマブン,919,4
590位,,ビーストテイマー,Ameron,919,4
591位,,ビーストテイマー,ヴィヴィ。,919,4
592位,,サマナー,ツーワン,919,3
593位,,ビーストテイマー,アマフレア,919,3
594位,,ビーストテイマー,高橋笛子,919,3
595位,,ビーストテイマー,ユーリ海老原,919,1
596位,,ビーストテイマー,斯波,919,1
597位,,サマナー,アウさんｍｋ�X,919,0
598位,,ビーストテイマー,パンプルムゥス,919,0
599位,,サマナー,笛吹き♪,918,5
600位,,サマナー,ほくろぱんち,918,5
601位,,サマナー,Breast_cancer,918,5
602位,,サマナー,♪ここね♪,918,5
603位,,サマナー,綾乃α,918,5
604位,,サマナー,ちょあ。,918,5
605位,,サマナー,召喚者ろば美,918,5
606位,,サマナー,メル−ナ,918,5
607位,,サマナー,どまとーれ,918,5
608位,,サマナー,あいらもると,918,5
609位,,ビーストテイマー,SEDCOOC,918,5
610位,,ビーストテイマー,美多眠,918,5
611位,,ビーストテイマー,怪傑のーてんき,918,5
612位,,ビーストテイマー,赤光のショウキ,918,5
613位,,サマナー,ayakosummer,918,4
614位,,ビーストテイマー,クールテイマー,918,4
615位,,ビーストテイマー,すとぎ,918,3
616位,,ビーストテイマー,はなふゆ,918,3
617位,,ビーストテイマー,xion0,918,1
618位,,ビーストテイマー,適法ロリ,918,1
619位,,サマナー,流離の召喚士,918,0
620位,,サマナー,アニマル教授,918,0
621位,,サマナー,卍しぃ。卍,918,0
622位,,サマナー,☆ひかるV世,918,0
623位,,ビーストテイマー,ferarion,918,0
624位,,ビーストテイマー,StrannyyGlaz,918,0
625位,,ビーストテイマー,チェリル☆,918,0
626位,,サマナー,すみっぺ,917,5
627位,,サマナー,藍二乗,917,5
628位,,サマナー,oreanbello,917,5
629位,,サマナー,AIinside,917,5
630位,,サマナー,raireiちゃん,917,5
631位,,サマナー,詐婦乱,917,5
632位,,サマナー,ジェインク,917,5
633位,,サマナー,キヤンディー,917,5
634位,,サマナー,熊足峡谷盗賊,917,5
635位,,サマナー,まいご♪,917,5
636位,,サマナー,knpi,917,5
637位,,ビーストテイマー,Wasteland,917,5
638位,,ビーストテイマー,☆BigMom☆,917,5
639位,,ビーストテイマー,カプチーノ∬,917,5
640位,,ビーストテイマー,ごるまーに,917,5
641位,,ビーストテイマー,シェーラ・ミルセ,917,5
642位,,ビーストテイマー,☆しるび〜CA,917,5
643位,,サマナー,奴隷商,917,4
644位,,ビーストテイマー,リアリスト,917,4
645位,,ビーストテイマー,アナリージア,917,2
646位,,サマナー,おたい,917,1
647位,,サマナー,＊キルリア＊,916,5
648位,,サマナー,ploof☆,916,5
649位,,サマナー,たけのこ最中,916,5
650位,,サマナー,タプロス,916,5
651位,,サマナー,天上の業火さん,916,5
652位,,ビーストテイマー,のぞみ（ﾃｨﾏ）,916,5
653位,,ビーストテイマー,arisu☆,916,5
654位,,ビーストテイマー,774533,916,5
655位,,ビーストテイマー,ねね姫,916,5
656位,,ビーストテイマー,アイアア,916,5
657位,,ビーストテイマー,ビーヌトテイマー,916,5
658位,,ビーストテイマー,♪ひよこ豆♪,916,5
659位,,ビーストテイマー,レディデビル,916,5
660位,,ビーストテイマー,Lapon,916,5
661位,,ビーストテイマー,鹿乃,916,5
662位,,ビーストテイマー,FIELD・OF・VIEW,916,5
663位,,ビーストテイマー,思索,916,5
664位,,ビーストテイマー,ナーシュ,916,5
665位,,ビーストテイマー,終焉の姫神ミユ,916,5
666位,,ビーストテイマー,竹の人,916,5
667位,,ビーストテイマー,pupoo,916,5
668位,,ビーストテイマー,マりス,916,4
669位,,ビーストテイマー,kukuru3,916,4
670位,,ビーストテイマー,日高昆布,916,4
671位,,ビーストテイマー,†＜蝶＞†,916,4
672位,,ビーストテイマー,Kanako☆彡Momota,916,4
673位,,ビーストテイマー,ふうにょん,916,4
674位,,ビーストテイマー,超理香子さん,916,4
675位,,ビーストテイマー,不倫少女,916,4
676位,,ビーストテイマー,☆糖尿病☆,916,3
677位,,サマナー,キナコ先生,916,2
678位,,ビーストテイマー,マデリーヌ,916,1
679位,,ビーストテイマー,仁川百丹,916,1
680位,,ビーストテイマー,SuperJackPot,916,1
681位,,サマナー,ﾛﾘﾃｨﾏ,916,0
682位,,サマナー,tomusic55,916,0
683位,,ビーストテイマー,みんとっと,916,0
684位,,ビーストテイマー,ミイメィ,916,0
685位,,ビーストテイマー,エレナG,916,0
686位,,ビーストテイマー,Feldt,916,0
687位,,サマナー,わぽ。,915,5
688位,,サマナー,咲稀華,915,5
689位,,サマナー,SAKANAa,915,5
690位,,サマナー,ふしみやま,915,5
691位,,サマナー,慶子さん,915,5
692位,,サマナー,＄レイラ＄,915,5
693位,,サマナー,すし屋の隠し子,915,5
694位,,サマナー,マスターヴェール,915,5
695位,,サマナー,白河茜,915,5
696位,,ビーストテイマー,佐門,915,5
697位,,ビーストテイマー,LastActress,915,5
698位,,ビーストテイマー,くぐつめ,915,5
699位,,ビーストテイマー,ruru☆彡,915,5
700位,,ビーストテイマー,ぽっちゃりテイマ,915,5
701位,,ビーストテイマー,aristeses,915,5
702位,,サマナー,目指せ！がちむち,915,4
703位,,サマナー,なちゅら☆,915,4
704位,,サマナー,赤ずきんくん,915,4
705位,,サマナー,ばれな,915,4
706位,,ビーストテイマー,リバイアス,915,4
707位,,ビーストテイマー,穂高夏海,915,3
708位,,ビーストテイマー,よっつば,915,3
709位,,サマナー,Wicked_Child,915,2
710位,,サマナー,夏さまな,915,1
711位,,ビーストテイマー,さわ♪,915,0
712位,,ビーストテイマー,☆トッシーα,915,0
713位,,ビーストテイマー,ローザシャーン,915,0
714位,,サマナー,見えない世界,914,5
715位,,サマナー,梅桐天土,914,5
716位,,サマナー,ΔひよりΔ,914,5
717位,,サマナー,PerfectLove,914,5
718位,,サマナー,とくりん,914,5
719位,,サマナー,lolisen,914,5
720位,,サマナー,本業と休憩,914,5
721位,,サマナー,Folclor☆,914,5
722位,,サマナー,シベノール,914,5
723位,,サマナー,ぐれいしあ☆,914,5
724位,,サマナー,コットン１００,914,5
725位,,サマナー,スナネコ・ω・,914,5
726位,,サマナー,BIGBANG：GD,914,5
727位,,ビーストテイマー,☆恋乙姫☆,914,5
728位,,ビーストテイマー,うーてい,914,5
729位,,ビーストテイマー,ゆいなー,914,5
730位,,ビーストテイマー,さまなもどき,914,5
731位,,ビーストテイマー,マロンパフェ,914,5
732位,,ビーストテイマー,mafuuuu,914,5
733位,,ビーストテイマー,Rahy,914,5
734位,,ビーストテイマー,キヨステン,914,5
735位,,ビーストテイマー,BingoBongo,914,5
736位,,サマナー,更幡兎,914,3
737位,,ビーストテイマー,。微糖。,914,2
738位,,サマナー,ストサマナ,914,0
739位,,ビーストテイマー,_帆楼_,914,0
740位,,ビーストテイマー,ももりんこ,914,0
741位,,サマナー,まるだぷりん,913,5
742位,,サマナー,§Nagomi§,913,5
743位,,サマナー,ﾍﾟﾃﾙｷﾞｳｽﾛﾏﾈｺﾝﾃィ,913,5
744位,,サマナー,さまんぬ,913,5
745位,,サマナー,＠さまな2号＠,913,5
746位,,ビーストテイマー,IRON†MAIDEN,913,5
747位,,ビーストテイマー,大小損害忍耐限界,913,5
748位,,ビーストテイマー,もぽここ,913,5
749位,,ビーストテイマー,・アドレス・,913,5
750位,,ビーストテイマー,蛇鷲の妹,913,5
751位,,ビーストテイマー,レノアクリスト,913,5
752位,,サマナー,Shred,913,4
753位,,サマナー,もりもも,913,4
754位,,サマナー,サマナー覚醒,913,4
755位,,サマナー,すとなー,913,3
756位,,ビーストテイマー,高山奈々,913,3
757位,,ビーストテイマー,ﾘﾘｳﾑ・ｳｫﾙｺｯﾄ,913,3
758位,,サマナー,メカさん,913,1
759位,,ビーストテイマー,☆ていまだ☆,913,1
760位,,ビーストテイマー,☆ていまさま☆,913,1
761位,,サマナー,リナユニヴァース,913,0
762位,,サマナー,リン猫♪,912,5
763位,,サマナー,成金ちゃん,912,5
764位,,サマナー,暗黒の妖精,912,5
765位,,サマナー,錦木千束,912,5
766位,,サマナー,スカーラｰ,912,5
767位,,サマナー,引き連れ系男子,912,5
768位,,サマナー,GGむき甘栗,912,5
769位,,サマナー,パーミン,912,5
770位,,サマナー,終電はすぐそこ,912,5
771位,,サマナー,我に従え,912,5
772位,,サマナー,ルージュカルミラ,912,5
773位,,サマナー,もこroad,912,5
774位,,サマナー,Solitudo,912,5
775位,,サマナー,ドローレス,912,5
776位,,ビーストテイマー,PowerfulLady,912,5
777位,,ビーストテイマー,クリッパ,912,5
778位,,ビーストテイマー,ろんげ（ロリ枠）,912,5
779位,,ビーストテイマー,serusi,912,5
780位,,ビーストテイマー,＋GOD＋,912,5
781位,,ビーストテイマー,yukatya,912,5
782位,,ビーストテイマー,原生花の森,912,5
783位,,サマナー,レジエス,912,4
784位,,ビーストテイマー,エとセとラ,912,4
785位,,サマナー,まと”,912,3
786位,,サマナー,はちみつにきなこ,912,3
787位,,ビーストテイマー,混沌の召喚士,912,3
788位,,サマナー,談合交渉,912,2
789位,,サマナー,†alias†,912,2
790位,,サマナー,火ノ迦具槌,912,1
791位,,サマナー,Reol‐宵々古今‐,912,1
792位,,ビーストテイマー,紙祖,912,1
793位,,サマナー,海§馬,912,0
794位,,サマナー,メルサラサ,912,0
795位,,ビーストテイマー,ミュアリス,912,0
796位,,サマナー,tricolorもいもい,911,5
797位,,サマナー,†☆☆彩衣☆☆†,911,5
798位,,サマナー,ロキソニンNa60�r,911,5
799位,,サマナー,pen_s,911,5
800位,,サマナー,さもの,911,5
801位,,サマナー,バーゼリア,911,5
802位,,サマナー,chungyanggochu,911,5
803位,,サマナー,ｼｼﾄｳ,911,5
804位,,サマナー,ゆきみかん,911,5
805位,,サマナー,犬乗り極,911,5
806位,,サマナー,ﾐﾗｰﾙ・ﾛｽﾁｬｲﾙﾄﾞ,911,5
807位,,ビーストテイマー,観来,911,5
808位,,ビーストテイマー,OFF_WHITE,911,5
809位,,ビーストテイマー,VF31C,911,5
810位,,ビーストテイマー,グエンドリン,911,5
811位,,サマナー,イ・ボミ,911,4
812位,,サマナー,†ｳﾞｧﾝﾋﾟｨ†,911,4
813位,,ビーストテイマー,IstuffU,911,4
814位,,ビーストテイマー,ＡＫＩＮＡ,911,4
815位,,サマナー,◇リーゼ◇,911,2
816位,,サマナー,しぇーく◇,911,2
817位,,サマナー,フィニイ,911,2
818位,,ビーストテイマー,☆みずか☆,911,2
819位,,サマナー,強力除去,911,0
820位,,サマナー,エマたそ丸,911,0
821位,,サマナー,ドン小酉,911,0
822位,,ビーストテイマー,White☆Love,911,0
823位,,サマナー,レア・シルヴィ,910,5
824位,,サマナー,Pander,910,5
825位,,サマナー,ティエム,910,5
826位,,サマナー,金のつぶ,910,5
827位,,サマナー,虫と圭,910,5
828位,,サマナー,pero°,910,5
829位,,サマナー,とろんぺっと,910,5
830位,,サマナー,うめがゆ,910,5
831位,,サマナー,∬八雲紫∬,910,5
832位,,ビーストテイマー,ΨベリーズΨ,910,5
833位,,ビーストテイマー,爆連副隊長,910,5
834位,,ビーストテイマー,リグレットガール,910,5
835位,,ビーストテイマー,ねコ,910,5
836位,,ビーストテイマー,トリトンＪｒ．,910,5
837位,,サマナー,ヴァネロペ,910,4
838位,,サマナー,シカゴファイアー,910,4
839位,,ビーストテイマー,麻里加,910,4
840位,,ビーストテイマー,ヾ（・ω・｀）,910,4
841位,,ビーストテイマー,Alzina,910,4
842位,,サマナー,アイリ☆サハリン,910,3
843位,,サマナー,Mr_poop,910,3
844位,,サマナー,kaar,910,3
845位,,サマナー,φRaMuφ,910,2
846位,,ビーストテイマー,いつか頑張る子,910,1
847位,,サマナー,LittleQ,910,0
848位,,ビーストテイマー,召喚士の娘ユウナ,910,0
849位,,ビーストテイマー,シ〜ラブずっと,910,0
850位,,サマナー,はるどろぼう,909,5
851位,,サマナー,θクレオパトラθ,909,5
852位,,サマナー,いもちゃむ,909,5
853位,,サマナー,さくER,909,5
854位,,サマナー,ねこさんですよ,909,5
855位,,サマナー,茶色のお茶,909,5
856位,,サマナー,∴アンリエッタ,909,5
857位,,サマナー,ぎるふぃーさま,909,5
858位,,サマナー,シャープネス,909,5
859位,,ビーストテイマー,☆ましゅまろ☆,909,5
860位,,ビーストテイマー,ｃｉｔｔａ,909,5
861位,,ビーストテイマー,信楽たぬきち,909,5
862位,,ビーストテイマー,RX178,909,5
863位,,ビーストテイマー,たーちー,909,5
864位,,ビーストテイマー,エコ島人,909,5
865位,,ビーストテイマー,HilarPain,909,5
866位,,ビーストテイマー,きぃ〜。,909,5
867位,,ビーストテイマー,２０２１夏ちゃん,909,5
868位,,ビーストテイマー,蒼き召喚士,909,5
869位,,ビーストテイマー,子宝島,909,5
870位,,ビーストテイマー,にこたん,909,5
871位,,ビーストテイマー,近藤静子,909,5
872位,,ビーストテイマー,猫娘17,909,5
873位,,ビーストテイマー,りまの,909,5
874位,,サマナー,sorer,909,4
875位,,ビーストテイマー,リイ＝エックス,909,4
876位,,サマナー,しまぽん,909,3
877位,,ビーストテイマー,ふえふきめいじん,909,3
878位,,ビーストテイマー,獣族だもん,909,2
879位,,ビーストテイマー,京子さん,909,1
880位,,サマナー,NeckPain,909,0
881位,,サマナー,かなでの里,909,0
882位,,サマナー,唐辛子を食べれる,909,0
883位,,サマナー,これが私,909,0
884位,,ビーストテイマー,☆Arteｍis☆,909,0
885位,,サマナー,黄昏のクウ,908,5
886位,,サマナー,真木夏緒,908,5
887位,,サマナー,Lolicorn,908,5
888位,,サマナー,ｱﾘｴﾙ・ｱﾙﾊﾞｽ,908,5
889位,,サマナー,ゴール加速装置,908,5
890位,,サマナー,うどん勇者☆彡,908,5
891位,,サマナー,類備遁,908,5
892位,,サマナー,メタル×メタル,908,5
893位,,サマナー,原神インパクチョ,908,5
894位,,ビーストテイマー,ファデット,908,5
895位,,ビーストテイマー,真宮寺†さくら,908,5
896位,,ビーストテイマー,KissMeSunlights,908,5
897位,,ビーストテイマー,☆たんぽぽ,908,5
898位,,ビーストテイマー,DADAROMA,908,5
899位,,ビーストテイマー,10人ニキ,908,5
900位,,ビーストテイマー,☆サスケ☆,908,5
901位,,ビーストテイマー,ぐれくん,908,5
902位,,サマナー,朝霧雫,908,4
903位,,サマナー,すじこ丸,908,4
904位,,サマナー,孅い,908,4
905位,,ビーストテイマー,moetδchandon,908,4
906位,,ビーストテイマー,ｓanzou,908,4
907位,,ビーストテイマー,p笛吹q,908,4
908位,,サマナー,鈴蘭水仙＋,908,3
909位,,サマナー,イルルガ,908,3
910位,,サマナー,ちょんぐー,908,1
911位,,サマナー,笛吹子ちゃん,908,1
912位,,サマナー,特１号,908,1
913位,,サマナー,ものの怪,908,0
914位,,サマナー,ジョー娘,908,0
915位,,サマナー,souko0012,908,0
916位,,ビーストテイマー,キュアレモン,908,0
917位,,ビーストテイマー,よっしーYT,908,0
918位,,ビーストテイマー,☆リン,908,0
919位,,ビーストテイマー,◇せーら◇,908,0
920位,,サマナー,ビヤスター,907,5
921位,,サマナー,そのむら,907,5
922位,,サマナー,渡辺ヲ♪,907,5
923位,,サマナー,ベルポン,907,5
924位,,サマナー,かげやまα,907,5
925位,,ビーストテイマー,花依,907,5
926位,,ビーストテイマー,ＭＡＮＯＭＡＲＵ,907,5
927位,,ビーストテイマー,Harley☆Quinn,907,5
928位,,ビーストテイマー,cvlock,907,5
929位,,ビーストテイマー,ムーンライト銀河,907,5
930位,,ビーストテイマー,倉橋莉子,907,5
931位,,ビーストテイマー,narisamana,907,5
932位,,ビーストテイマー,紅蓮の双翼,907,5
933位,,ビーストテイマー,ごる♯,907,5
934位,,ビーストテイマー,KojiToT,907,5
935位,,ビーストテイマー,ていまっ☆,907,5
936位,,サマナー,thimaa,907,4
937位,,サマナー,エコにゃん,907,4
938位,,ビーストテイマー,羽衣狐,907,4
939位,,ビーストテイマー,蓮根＊,907,4
940位,,ビーストテイマー,ばぬぬΩ,907,4
941位,,ビーストテイマー,二刻館,907,4
942位,,ビーストテイマー,メルリフィカ,907,4
943位,,サマナー,‡ｐarcae‡,907,3
944位,,ビーストテイマー,導きの楽士,907,3
945位,,ビーストテイマー,Mocomimi,907,3
946位,,ビーストテイマー,如来さま,907,3
947位,,ビーストテイマー,ピッピ☆,907,2
948位,,ビーストテイマー,Fabales,907,2
949位,,サマナー,グラスグリーン,907,1
950位,,ビーストテイマー,梨絵,907,1
951位,,ビーストテイマー,〜みず〜,907,0
952位,,ビーストテイマー,花恋少女,907,0
953位,,ビーストテイマー,Nico・Robin,907,0
954位,,ビーストテイマー,木彫りの鰹節,907,0
955位,,サマナー,胡麻柴,906,5
956位,,サマナー,マシュマロゆか,906,5
957位,,サマナー,パラジウム,906,5
958位,,サマナー,☆鬼龍院花子☆,906,5
959位,,サマナー,ふーれ,906,5
960位,,サマナー,＊Ryui＊,906,5
961位,,サマナー,ちくわハンター,906,5
962位,,サマナー,ムンクの酒瓶,906,5
963位,,サマナー,みにフェレット,906,5
964位,,サマナー,笛吹き少女さまな,906,5
965位,,サマナー,ラブリードリィ,906,5
966位,,サマナー,ふぁるむ,906,5
967位,,サマナー,Rimos,906,5
968位,,サマナー,ふわんそわん,906,5
969位,,ビーストテイマー,ミーアマージ,906,5
970位,,ビーストテイマー,☆かふぇちーの☆,906,5
971位,,ビーストテイマー,悪魔の笛,906,5
972位,,ビーストテイマー,遠い空の向こうに,906,5
973位,,ビーストテイマー,シャロレー,906,5
974位,,ビーストテイマー,海で泳ぎたい,906,5
975位,,ビーストテイマー,彩也香,906,5
976位,,ビーストテイマー,清須天,906,5
977位,,ビーストテイマー,紅茶さくら,906,5
978位,,ビーストテイマー,音楽団長,906,5
979位,,サマナー,ｘワーチャンｘ,906,4
980位,,ビーストテイマー,ｼﾞｬﾇﾘﾝ♪,906,4
981位,,サマナー,誘惑蒔き,906,3
982位,,サマナー,Cirsi,906,3
983位,,ビーストテイマー,不知夜月,906,3
984位,,ビーストテイマー,はろにゃー,906,3
985位,,サマナー,えれべーと,906,2
986位,,サマナー,白ネギっこ,906,2
987位,,ビーストテイマー,ψむーさんψ,906,2
988位,,サマナー,みとみつくに,906,1
989位,,ビーストテイマー,うまぴょい☆彡,906,0
990位,,ビーストテイマー,riri〜〜,906,0
991位,,サマナー,えいちのめがみ,905,5
992位,,サマナー,∫☆K☆∫,905,5
993位,,サマナー,Juchheim,905,5
994位,,サマナー,ジャムパンサン,905,5
995位,,サマナー,☆よったん☆,905,5
996位,,サマナー,repashy2,905,5
997位,,サマナー,天災召喚術士,905,5
998位,,サマナー,Summoner☆,905,5
999位,,サマナー,さとうてい,905,5
