1位,,キャプテン,ｷｬﾌﾟﾃﾝ・ﾌｧﾙ君,1405,5
2位,,キャプテン,笹船の名匠,1277,5
3位,,キャプテン,アリス・ワンダー,1258,5
4位,,キャプテン,☆MEGADETH☆,1258,5
5位,,キャプテン,Calyps☆,1252,5
6位,,キャプテン,ラクザイナ,1252,5
7位,,キャプテン,どう見えても30歳,1252,5
8位,,キャプテン,きゃぷかな,1251,5
9位,,キャプテン,あらびっくx,1250,5
10位,,キャプテン,Dけつ,1250,5
11位,,キャプテン,MaLyi_C,1250,5
12位,,キャプテン,親潮,1247,5
13位,,キャプテン,yumeutsutsu,1227,5
14位,,キャプテン,1JZ☆GTE,1185,5
15位,,キャプテン,Ohirune,1168,5
16位,,キャプテン,砂川七番組,1163,5
17位,,キャプテン,甘酒ザ・リッチ,1139,5
18位,,キャプテン,の～ち,1134,5
19位,,キャプテン,むぎ子,1123,5
20位,,キャプテン,PrisonLord,1121,5
21位,,キャプテン,海賊の王,1121,5
22位,,キャプテン,チノカテ,1110,5
23位,,キャプテン,ハチワレ,1090,5
24位,,キャプテン,。．筋熊．o,1072,5
25位,,キャプテン,☆Yuffie,1069,5
26位,,キャプテン,しうね,1062,5
27位,,キャプテン,崇仔,1062,5
28位,,キャプテン,Petata,1062,5
29位,,キャプテン,赤鯱亭,1060,5
30位,,キャプテン,Tzuyu,1054,5
31位,,キャプテン,四海の勇士咲タン,1040,5
32位,,キャプテン,☆やまねこ☆,1040,5
33位,,キャプテン,すずやか☆,1034,5
34位,,キャプテン,名無しの人魚,1027,5
35位,,キャプテン,夕潮亭,1027,5
36位,,キャプテン,Timberborn,1024,5
37位,,キャプテン,カヤメ,1019,5
38位,,キャプテン,ねこぽるず,1019,5
39位,,キャプテン,ダックスパロウ,1017,5
40位,,キャプテン,タイプ～凛～,1009,5
41位,,キャプテン,アルパカ牧場,1007,5
42位,,キャプテン,フルキャプ,1006,5
43位,,キャプテン,captain1,1006,5
44位,,キャプテン,上海小籠包,1005,5
45位,,キャプテン,笑ろとけばｴｴﾈﾝ♪,1005,5
46位,,キャプテン,barbarbaba,1004,5
47位,,キャプテン,海賊長トモエ,1001,5
48位,,キャプテン,PelicanBoy,1001,5
49位,,キャプテン,ブラック羽川,1001,5
50位,,キャプテン,めるのっと,1000,5
51位,,キャプテン,ﾜﾆﾜﾆﾊﾟﾆｯｸ,1000,5
52位,,キャプテン,たぁとの,1000,5
53位,,キャプテン,バルカディアス,989,5
54位,,キャプテン,剛力丸,989,5
55位,,キャプテン,海賊。,987,5
56位,,キャプテン,PACKLINE,981,5
57位,,キャプテン,悠流,976,5
58位,,キャプテン,ガガーラン,974,5
59位,,キャプテン,セレシュ,973,5
60位,,キャプテン,MGI_ERIS,972,3
61位,,キャプテン,すゐか,969,5
62位,,キャプテン,アシレーヌ,964,5
63位,,キャプテン,ミケラ,962,5
64位,,キャプテン,ワタツミ,961,5
65位,,キャプテン,彩杏,960,5
66位,,キャプテン,JanneDaArc☆彡,960,5
67位,,キャプテン,so_what,959,5
68位,,キャプテン,†query†,958,4
69位,,キャプテン,キャプテン・翼,954,5
70位,,キャプテン,Hypotension_CAP,954,5
71位,,キャプテン,ﾐﾆｭｴｯﾄ,951,5
72位,,キャプテン,副キャプテン,950,5
73位,,キャプテン,☆ジャイ子☆,950,5
74位,,キャプテン,Capitaine,950,2
75位,,キャプテン,闘志天翔Ⅷ,949,4
76位,,キャプテン,ミュジア,946,5
77位,,キャプテン,～海の雫～,946,5
78位,,キャプテン,八木Mana,946,5
79位,,キャプテン,アーニャF,945,5
80位,,キャプテン,子供部屋オジサン,945,5
81位,,キャプテン,きゃぷけん,944,5
82位,,キャプテン,スサノヲθ,944,4
83位,,キャプテン,☆天猫☆,943,5
84位,,キャプテン,ロックな船乗り,942,5
85位,,キャプテン,ψMargueriteψ,941,5
86位,,キャプテン,平良港,941,5
87位,,キャプテン,しゅっしゅしゅ,941,5
88位,,キャプテン,☆海凜☆,940,5
89位,,キャプテン,航海ですね,940,5
90位,,キャプテン,リシァルティティ,940,5
91位,,キャプテン,長宗我部元親・,939,5
92位,,キャプテン,いじゅ☆うるみ♪,938,5
93位,,キャプテン,とりま殴るか,938,5
94位,,キャプテン,Capt_Eugene,938,4
95位,,キャプテン,nakanakanatanaka,936,4
96位,,キャプテン,南風Ⅰ世,935,5
97位,,キャプテン,gmgm,935,3
98位,,キャプテン,墨武,934,5
99位,,キャプテン,RiNoAh,933,5
100位,,キャプテン,ヘルヴォール,933,5
101位,,キャプテン,ふわじゅわ,932,5
102位,,キャプテン,乂凱。,932,5
103位,,キャプテン,Fm・Li,930,5
104位,,キャプテン,酒のつまみの話,930,5
105位,,キャプテン,秋津洲,930,5
106位,,キャプテン,ぺりー船長,929,5
107位,,キャプテン,みかりんNO1,929,5
108位,,キャプテン,アヒル号船長,929,5
109位,,キャプテン,キャプテンホノ,929,5
110位,,キャプテン,ぽたぽた焼き⊿,928,5
111位,,キャプテン,キャプテンみちゃ,928,5
112位,,キャプテン,Seirenes,928,5
113位,,キャプテン,千円チャーシュー,927,5
114位,,キャプテン,herina,927,5
115位,,キャプテン,はしばみ,926,5
116位,,キャプテン,天才テレビちゃん,926,4
117位,,キャプテン,もゆゆん,926,2
118位,,キャプテン,Bump_of_Captain,925,4
119位,,キャプテン,йショコラй,924,5
120位,,キャプテン,KAPIT,924,5
121位,,キャプテン,ｷｬﾌﾟﾃﾝｼﾞｬｯｸ♪,924,5
122位,,キャプテン,鮫島事件,923,5
123位,,キャプテン,館刻一,923,5
124位,,キャプテン,神斧シグ,923,4
125位,,キャプテン,サミディン,923,0
126位,,キャプテン,ほうしょうさん,922,5
127位,,キャプテン,金2022いっぱい,922,5
128位,,キャプテン,育ちゃん,922,5
129位,,キャプテン,HotGirl,922,5
130位,,キャプテン,工ルミオーヌ,922,4
131位,,キャプテン,Empress☆Seika,921,5
132位,,キャプテン,なうむす,921,5
133位,,キャプテン,ミレディス,921,5
134位,,キャプテン,矛盾なチャプェン,921,5
135位,,キャプテン,ヘルヴァルド,921,5
136位,,キャプテン,ふーたろ,921,5
137位,,キャプテン,船長その２,921,0
138位,,キャプテン,ﾊﾘｴｯﾂ,920,5
139位,,キャプテン,キャプテンナイト,920,5
140位,,キャプテン,ｷｬﾌﾟﾃﾝﾗﾎﾞ,920,5
141位,,キャプテン,江戸川マルチネス,920,5
142位,,キャプテン,☆ちょこねえ☆,920,5
143位,,キャプテン,PAGEone,920,0
144位,,キャプテン,みこはく,919,5
145位,,キャプテン,CaptainJustice,919,5
146位,,キャプテン,Tmoyo,919,3
147位,,キャプテン,儚海,919,0
148位,,キャプテン,遠き日々,919,0
149位,,キャプテン,kyapurin,919,0
150位,,キャプテン,Patrinia,918,5
151位,,キャプテン,ヴェルヴィーユ,918,5
152位,,キャプテン,マリー船長,918,5
153位,,キャプテン,Scrubland,918,4
154位,,キャプテン,三十路女の末路,918,2
155位,,キャプテン,カエル師匠,918,0
156位,,キャプテン,水爆,917,5
157位,,キャプテン,noriko金2022,917,5
158位,,キャプテン,タイプ～蘭～,917,5
159位,,キャプテン,ドミノ☆Captain,917,4
160位,,キャプテン,きゅるきゅる,917,0
161位,,キャプテン,海賊王更級,916,5
162位,,キャプテン,バーナクル,916,5
163位,,キャプテン,Robarisa,916,5
164位,,キャプテン,ペリーちゃん,916,4
165位,,キャプテン,キャプテンBBA,916,4
166位,,キャプテン,ずっと真夜中,916,3
167位,,キャプテン,アユディ,916,0
168位,,キャプテン,ψ女海賊ψ,915,5
169位,,キャプテン,しゅえ～,915,5
170位,,キャプテン,dededen,915,5
171位,,キャプテン,ｶｽﾀｰﾄﾞﾌﾟﾘﾝ♪,915,0
172位,,キャプテン,ほしてぁちゃん,914,5
173位,,キャプテン,ﾊﾘｴｯﾄ,914,5
174位,,キャプテン,Progress43,914,5
175位,,キャプテン,RScaptain,914,3
176位,,キャプテン,電伝堂,913,5
177位,,キャプテン,玉川上水,913,5
178位,,キャプテン,テーゲベック,913,5
179位,,キャプテン,☆ろば主将☆,913,5
180位,,キャプテン,静香御前,913,4
181位,,キャプテン,たこやきだんご,913,4
182位,,キャプテン,TSU・BA・SA,913,0
183位,,キャプテン,きゃぷどーん,912,5
184位,,キャプテン,津山事件,912,5
185位,,キャプテン,めぷたん☆彡,912,5
186位,,キャプテン,キャプテンヨル,912,5
187位,,キャプテン,海女巫女,912,5
188位,,キャプテン,ガミガミ教宣教師,912,4
189位,,キャプテン,海賊カルＤＸ,912,4
190位,,キャプテン,天は二物を与えず,912,0
191位,,キャプテン,ブエナビスタ♪,912,0
192位,,キャプテン,ﾋﾟｻﾞﾏﾘﾅｰﾗ,912,0
193位,,キャプテン,か～ぐ,912,0
194位,,キャプテン,シェリー船長,911,4
195位,,キャプテン,Onepush,910,5
196位,,キャプテン,CellTain,910,5
197位,,キャプテン,仮免キャプテン,910,5
198位,,キャプテン,ＮＯＭＡ,910,5
199位,,キャプテン,ωまおにゃんω,910,5
200位,,キャプテン,もえキャプテン,910,5
201位,,キャプテン,重ねおろし打ち,910,5
202位,,キャプテン,ひゅーねるⅥ,910,4
203位,,キャプテン,キャプブン,910,4
204位,,キャプテン,永遠の30歳,910,4
205位,,キャプテン,翼ﾁｬﾝ,910,4
206位,,キャプテン,桃の毛,910,3
207位,,キャプテン,バカボンボン,910,3
208位,,キャプテン,パリピガール,910,3
209位,,キャプテン,☆QUEEN♪,910,1
210位,,キャプテン,テレサメンドーサ,910,0
211位,,キャプテン,来観,909,5
212位,,キャプテン,ﾊﾘｴｯﾃｨｰ,909,5
213位,,キャプテン,Lilienthal,909,5
214位,,キャプテン,Ψマイリー,909,5
215位,,キャプテン,すとろーC,909,5
216位,,キャプテン,☆フェイユン☆,909,5
217位,,キャプテン,ヨル・フォージャ,909,5
218位,,キャプテン,水神のドラゴン,909,5
219位,,キャプテン,AERAS66,909,5
220位,,キャプテン,熾鳳,909,4
221位,,キャプテン,永遠の臨時名,909,2
222位,,キャプテン,ＣＴ・ＭＡＮＯ,908,5
223位,,キャプテン,うめともも,908,5
224位,,キャプテン,錨つかえるで,908,5
225位,,キャプテン,海柘榴,908,5
226位,,キャプテン,☆～幸～☆,908,4
227位,,キャプテン,Mandrake,908,1
228位,,キャプテン,さうろん,908,0
229位,,キャプテン,エリファス♪,907,5
230位,,キャプテン,ロシータ,907,5
231位,,キャプテン,minyoung,907,5
232位,,キャプテン,ジャック．Ｓ,907,4
233位,,キャプテン,きんぴかごぼう,907,4
234位,,キャプテン,キャプチン,907,2
235位,,キャプテン,海賊狩りの狂戦姫,907,2
236位,,キャプテン,キャプテンUTA,907,1
237位,,キャプテン,Amoebozoa,907,0
238位,,キャプテン,加藤†茉莉香,906,5
239位,,キャプテン,Ghana_Chocolate,906,5
240位,,キャプテン,Iseult,906,5
241位,,キャプテン,tutu25,906,5
242位,,キャプテン,Θヘカウ,906,4
243位,,キャプテン,Rizuro,906,2
244位,,キャプテン,ｸﾞﾚｰﾄ山田ｱﾀｯｸ,906,1
245位,,キャプテン,場違いなのか,906,0
246位,,キャプテン,豪♪,905,5
247位,,キャプテン,室伏系女子,905,5
248位,,キャプテン,カラヴァイ,905,5
249位,,キャプテン,海鳴りの詩,905,4
250位,,キャプテン,ほのか△,905,4
251位,,キャプテン,ピンジャミン,905,3
252位,,キャプテン,しんきろんぐ,905,1
253位,,キャプテン,NiSr,905,0
254位,,キャプテン,tufa,905,0
255位,,キャプテン,☆Marron,904,5
256位,,キャプテン,PowerDirecter,904,5
257位,,キャプテン,キャプテンルナ,904,5
258位,,キャプテン,粗忽者,904,4
259位,,キャプテン,伊藤香苗,904,4
260位,,キャプテン,キャプテンちくわ,904,3
261位,,キャプテン,巨ちん兵,904,1
262位,,キャプテン,銀色アリサ,903,5
263位,,キャプテン,ロセティ,903,5
264位,,キャプテン,イオン結合,903,5
265位,,キャプテン,海のメロン熊,903,5
266位,,キャプテン,Silly_Love,903,5
267位,,キャプテン,amakara☆,903,4
268位,,キャプテン,鵜飼アンナ,903,4
269位,,キャプテン,熊谷草,903,4
270位,,キャプテン,魔道の申し子,903,4
271位,,キャプテン,定時退社キメ男,903,4
272位,,キャプテン,ぽりみ,903,3
273位,,キャプテン,フェイ・リリー,903,1
274位,,キャプテン,ｷｬﾌﾟﾃﾝ･ﾈﾓ,903,0
275位,,キャプテン,哀麗華,903,0
276位,,キャプテン,ほしぐも,903,0
277位,,キャプテン,RESIDENT,902,5
278位,,キャプテン,†ロイヤル†,902,4
279位,,キャプテン,キャプテンカース,902,4
280位,,キャプテン,Ｇlanz,902,4
281位,,キャプテン,酔花,902,3
282位,,キャプテン,ジョニーデッパ⊿,902,3
283位,,キャプテン,GoldenSｼﾞｮｱﾝﾅ,902,1
284位,,キャプテン,仕入値引割戻控除,902,0
285位,,キャプテン,上原港,902,0
286位,,キャプテン,∴たーちゃん∵,902,0
287位,,キャプテン,ブラックセイルズ,902,0
288位,,キャプテン,ｷｬﾌﾟﾃﾝ・ﾃﾆｰﾙ,901,5
289位,,キャプテン,・HIMAWARI・,901,5
290位,,キャプテン,麦職人K,901,5
291位,,キャプテン,V・Ｓ・Ｏ・Ｐ,901,5
292位,,キャプテン,あぶない課外授業,901,4
293位,,キャプテン,＊PINO_JURI＊,901,4
294位,,キャプテン,しるく_ろーと,901,4
295位,,キャプテン,cuatro,901,3
296位,,キャプテン,海豚＠,901,3
297位,,キャプテン,GoldenSﾏﾘｱ,901,1
298位,,キャプテン,さとちん電波,901,1
299位,,キャプテン,かけられた魔法を,901,0
300位,,キャプテン,Mihr_JP,900,5
301位,,キャプテン,INFINITAS,900,5
302位,,キャプテン,enako,900,5
303位,,キャプテン,30歳,900,5
304位,,キャプテン,☆朝が早い☆,900,5
305位,,キャプテン,うぉーたーぼーる,900,5
306位,,キャプテン,二級航海士,900,5
307位,,キャプテン,おしがま船長,900,4
308位,,キャプテン,殴り船員,900,4
309位,,キャプテン,ｼｪﾘｰ･ｼﾞﾝﾗﾑ,900,4
310位,,キャプテン,七転八起！,900,3
311位,,キャプテン,bachigiren,900,3
312位,,キャプテン,tanakagatatta！,900,2
313位,,キャプテン,FrancisⅩ・Drake,900,0
314位,,キャプテン,CUPX,900,0
315位,,キャプテン,エミリー♪,900,0
316位,,キャプテン,AnkerBlood,899,4
317位,,キャプテン,メアリード,899,4
318位,,キャプテン,Crystal_Blue,899,2
319位,,キャプテン,ｸｨｰﾝ･ｴﾒﾗﾙﾀﾞｽ,899,0
320位,,キャプテン,灼眼ローザ,899,0
321位,,キャプテン,Specialized◇,899,0
322位,,キャプテン,㈲魚正,899,0
323位,,キャプテン,フラッタ,899,0
324位,,キャプテン,お花畑ちゃんΨ,898,4
325位,,キャプテン,†SLOW†,898,4
326位,,キャプテン,Kｅｒｙ,898,3
327位,,キャプテン,雪乃海莉,898,3
328位,,キャプテン,煌人形,897,2
329位,,キャプテン,セラフィん,897,1
330位,,キャプテン,βartender,897,1
331位,,キャプテン,BettyBoop,897,0
332位,,キャプテン,2022夏,897,0
333位,,キャプテン,DQNの川流れ,896,3
334位,,キャプテン,猫又おかゆ,896,3
335位,,キャプテン,☆マーチ☆,896,3
336位,,キャプテン,ながちゃ,896,1
337位,,キャプテン,LanZhi,896,0
338位,,キャプテン,Aloupeeps,895,4
339位,,キャプテン,CAPTAINーEX,895,2
340位,,キャプテン,リコリーヌ,895,0
341位,,キャプテン,￡Limited￡,895,0
342位,,キャプテン,ライコック,894,4
343位,,キャプテン,アクセイン・テラ,894,4
344位,,キャプテン,へろへろり,894,3
345位,,キャプテン,キャプテン・トロ,894,2
346位,,キャプテン,きぃ～＋,894,1
347位,,キャプテン,melon74,894,0
348位,,キャプテン,堕落海賊娘,894,0
349位,,キャプテン,りょっち船長,894,0
350位,,キャプテン,Gワイルドハント,893,4
351位,,キャプテン,＄海王星人＄,893,4
352位,,キャプテン,ヘーロン,893,3
353位,,キャプテン,GoldSeaman,893,3
354位,,キャプテン,きゃぷまる,893,2
355位,,キャプテン,メルミディス,893,0
356位,,キャプテン,ぐるかな,892,3
357位,,キャプテン,赫焉,892,0
358位,,キャプテン,怒涛の女頭領,892,0
359位,,キャプテン,みずつね,891,4
360位,,キャプテン,Valstrax,891,0
361位,,キャプテン,Umi_ka,891,0
362位,,キャプテン,オトヒメ,891,0
363位,,キャプテン,もりそば大,891,0
364位,,キャプテン,Biトリフラート,890,4
365位,,キャプテン,真紅の海賊女帝,890,4
366位,,キャプテン,泊港,890,0
367位,,キャプテン,§レイルシ§,890,0
368位,,キャプテン,kini_錨,889,1
369位,,キャプテン,名瀬港,889,0
370位,,キャプテン,ぶるーすりー,889,0
371位,,キャプテン,ランナバウト,888,4
372位,,キャプテン,Ro5eEden,888,4
373位,,キャプテン,なにものや,888,4
374位,,キャプテン,ganzyaman,887,1
375位,,キャプテン,レディバ,886,0
376位,,キャプテン,rham,885,4
377位,,キャプテン,mistyrover,885,0
378位,,キャプテン,じゅうぞう13,884,4
379位,,キャプテン,MysticoⅡ,884,0
380位,,キャプテン,怒り姫,883,4
381位,,キャプテン,プランドロール,883,3
382位,,キャプテン,びっきー。,883,1
383位,,キャプテン,アドラ姫,883,0
384位,,キャプテン,Ψ姫奈Ψ,882,4
385位,,キャプテン,fripfrop,882,0
386位,,キャプテン,神の錨,881,4
387位,,キャプテン,alfirk,881,2
388位,,キャプテン,Clanker,880,4
389位,,キャプテン,Maureen,880,1
390位,,キャプテン,ワイルド姉さん,880,0
391位,,キャプテン,winevinegar,878,0
392位,,キャプテン,こちょ船長,876,3
393位,,キャプテン,アルマーム,876,3
394位,,キャプテン,強力撥水,876,0
395位,,キャプテン,甘露寺密子,875,4
396位,,キャプテン,黒い豚加齢,875,4
397位,,キャプテン,右舷回頭,875,3
398位,,キャプテン,Havfrue,874,4
399位,,キャプテン,hoophon,873,4
400位,,キャプテン,宇治抹茶飴,873,1
401位,,キャプテン,trece,872,0
402位,,キャプテン,ΨりょうΨ,872,0
403位,,キャプテン,ぺぇきゃぷ,871,4
404位,,キャプテン,ふるーりΨ,870,4
405位,,キャプテン,快楽王に俺はなる,869,4
406位,,キャプテン,mercyⅨ,868,1
407位,,キャプテン,キャプロイ,867,2
408位,,キャプテン,りのす,865,3
409位,,キャプテン,ほおづき,865,1
410位,,キャプテン,傾国の錨,865,0
411位,,キャプテン,チャット☆,853,0
412位,,キャプテン,Shaoh,852,3
413位,,キャプテン,ここちゃこーる,852,3
414位,,キャプテン,§FIONA§,851,3
415位,,キャプテン,ビッチ船長,846,3
416位,,キャプテン,ふっくら船長,844,3
417位,,キャプテン,ヨーグルトムース,842,0
418位,,キャプテン,リベルディ,840,4
419位,,キャプテン,乾坤一錨,837,4
420位,,キャプテン,ぐらちゃ,837,0
421位,,キャプテン,翔華香,837,0
422位,,キャプテン,どなもーれ,834,4
423位,,キャプテン,まさきぃい,834,0
424位,,キャプテン,スカッフ♪,825,4
425位,,キャプテン,冷河1型,822,3
426位,,キャプテン,残酷この上ない,819,3
427位,,キャプテン,翼チャン,817,0
428位,,キャプテン,サムハイドC,816,4
429位,,キャプテン,ホワイトバーチ,816,3
430位,,キャプテン,ミオ・コーラル,815,4
431位,,キャプテン,†海蓮†,815,0
432位,,キャプテン,キャプイチ,814,3
433位,,キャプテン,ガーシュウィン22,813,4
434位,,キャプテン,ﾓｰﾚﾂ海賊☆れぃら,813,0
435位,,キャプテン,meyer,813,0
436位,,キャプテン,Luv†Rys,809,1
437位,,キャプテン,あっちいってー！,808,2
438位,,キャプテン,ビールが好き,808,1
439位,,キャプテン,ペイルムーン,808,0
440位,,キャプテン,92キャップ92,801,0
441位,,キャプテン,ｼｰｱ･ｽｶｰﾚｯﾄ,801,0
442位,,キャプテン,殺ル気がなし子,795,2
443位,,キャプテン,Kapitan,793,0
444位,,キャプテン,ﾌﾞﾛｯｺﾘｰまみれ,791,0
445位,,キャプテン,ローラだよ♪,789,0
446位,,キャプテン,iiwake,788,0
447位,,キャプテン,えいちあーる,788,0
448位,,キャプテン,ｳｪｽﾄﾐﾝｽﾀｰの鐘,786,1
449位,,キャプテン,Feefer,784,3
450位,,キャプテン,ナヒリ,784,0
451位,,キャプテン,蒼き水兵,784,0
452位,,キャプテン,†静流†,782,0
453位,,キャプテン,AiCaptainNoah,781,0
454位,,キャプテン,ドサコ,777,0
455位,,キャプテン,chiell,772,0
456位,,キャプテン,rrrrnnnn,771,1
457位,,キャプテン,ｵｰﾌﾟﾝﾌｧｲｱ,767,0
458位,,キャプテン,渡辺美奈代,762,0
459位,,キャプテン,D－Staｒ,761,1
460位,,キャプテン,ﾀｺ飯,760,0
461位,,キャプテン,CM船長マジカル,756,4
462位,,キャプテン,十三ちゃん,756,3
463位,,キャプテン,ミリファ,754,0
464位,,キャプテン,はちみつとかかお,753,0
465位,,キャプテン,nonoha,752,0
466位,,キャプテン,初級キャプテン,749,0
467位,,キャプテン,君なのめならず,747,0
468位,,キャプテン,ショコラセーヌ,747,0
469位,,キャプテン,有能微少女,746,3
470位,,キャプテン,intoafantasy,746,0
471位,,キャプテン,ミャプテン,745,2
472位,,キャプテン,キャップちゃたろ,743,4
473位,,キャプテン,邪道σ,743,4
474位,,キャプテン,きゃぷてんし～ど,743,0
475位,,キャプテン,くるるπ,742,0
476位,,キャプテン,ムラシアン,741,0
477位,,キャプテン,園原双葉,736,0
478位,,キャプテン,Hydra_,735,0
479位,,キャプテン,凪凪＋,734,1
480位,,キャプテン,シルドラ☆,734,0
481位,,キャプテン,蒼陽,730,0
482位,,キャプテン,あすかな,730,0
483位,,キャプテン,こーひーみる,729,2
484位,,キャプテン,グレースオマリー,728,4
485位,,キャプテン,デュシェンヌ,728,0
486位,,キャプテン,J_Bonny,728,0
487位,,キャプテン,Milky____,726,3
488位,,キャプテン,νノーチラス号,725,0
489位,,キャプテン,§Excellen§,720,0
490位,,キャプテン,hatu10,720,0
491位,,キャプテン,レディーファイタ,718,1
492位,,キャプテン,リーブルヴィル,717,0
493位,,キャプテン,G_kazzyⅡ,715,0
494位,,キャプテン,Realize†,715,0
495位,,キャプテン,ぺやんぐ２,714,4
496位,,キャプテン,くろねこ＠艦長,712,0
497位,,キャプテン,外務省,711,1
498位,,キャプテン,キャラック,710,2
499位,,キャプテン,ズバり,710,2
500位,,キャプテン,CM海賊マジカル,710,0
501位,,キャプテン,AERAS99,707,0
502位,,キャプテン,SeaSalt,706,0
503位,,キャプテン,カタ＠キャプテン,704,4
504位,,キャプテン,ボドボド,703,0
505位,,キャプテン,ナビア,701,2
506位,,キャプテン,船長あば,701,0
507位,,キャプテン,とりひきにく,700,0
508位,,キャプテン,Ｃ・Ｐ・クック,699,3
509位,,キャプテン,ワカドゥグー,697,0
510位,,キャプテン,金牛夜叉・色彩,696,0
511位,,キャプテン,メイシン,695,0
512位,,キャプテン,ベネディクテ,692,3
513位,,キャプテン,キャプテンルイ,687,4
514位,,キャプテン,めろんきゃんでぇ,686,0
515位,,キャプテン,Ｓｃｈｉｌｄ,684,0
516位,,キャプテン,§ﾒｲ§,684,0
517位,,キャプテン,Chrysabel,683,0
518位,,キャプテン,アキトトニ,679,0
519位,,キャプテン,ウィルウィ,679,0
520位,,キャプテン,キャプテン・リン,678,0
521位,,キャプテン,不思議ﾉ国ﾉアリス,677,0
522位,,キャプテン,コスモス通りにて,676,1
523位,,キャプテン,ろっぷいあー,676,0
524位,,キャプテン,ちゃゐ,675,4
525位,,キャプテン,†にゃ～たん,674,0
526位,,キャプテン,海より山に沈みた,673,0
527位,,キャプテン,百なる一の剣,670,0
528位,,キャプテン,夜海☆,670,0
529位,,キャプテン,まさこっこ,668,1
530位,,キャプテン,ⅹNaminami_Baⅹ,668,0
531位,,キャプテン,kixya,667,4
532位,,キャプテン,BIG_CAPTAIN_STAR,666,0
533位,,キャプテン,ｶﾞｰﾌｨｰﾙэﾃｨﾝｾﾞﾙ,666,0
534位,,キャプテン,かたいうんちでた,666,0
535位,,キャプテン,銀エラ,666,0
536位,,キャプテン,ふとももしいく,665,1
537位,,キャプテン,きゃぴたん,663,3
538位,,キャプテン,【かすてら】,663,1
539位,,キャプテン,Welch’s,662,0
540位,,キャプテン,アツバスミレ,661,0
541位,,キャプテン,ｺﾝｺﾞ,660,0
542位,,キャプテン,PN・K,660,0
543位,,キャプテン,Привет！,659,0
544位,,キャプテン,αAurigae,658,4
545位,,キャプテン,キャプテン・ケイ,658,1
546位,,キャプテン,ウミモノ１／９９,656,3
547位,,キャプテン,ﾒﾙﾋﾞｰ,656,1
548位,,キャプテン,㈱ハーロック,656,0
549位,,キャプテン,めかばーん,655,4
550位,,キャプテン,２０２２年＠金鯖,655,0
551位,,キャプテン,リップリーⅤ,655,0
552位,,キャプテン,ｱﾈﾎﾞﾝ,654,3
553位,,キャプテン,琴音ミカ,653,0
554位,,キャプテン,酒と海のHEXE,652,0
555位,,キャプテン,ころぱん６,652,0
556位,,キャプテン,Drain_Moon,651,0
557位,,キャプテン,祈りの巫女,649,2
558位,,キャプテン,SafetyLove,649,0
559位,,キャプテン,ニャプテン,648,1
560位,,キャプテン,唳唖,648,0
561位,,キャプテン,xｷｬﾌﾟﾃﾝx,646,2
562位,,キャプテン,φ香姫φ,646,0
563位,,キャプテン,ｻﾞﾝｼﾞﾊﾞﾙ･ｽﾙﾀﾝ,645,0
564位,,キャプテン,㌧チャン,644,1
565位,,キャプテン,Spring_of_Life☆,644,0
566位,,キャプテン,ムサシアブミ,640,0
567位,,キャプテン,アティシア,639,0
568位,,キャプテン,Zucker_Kapitan,639,0
569位,,キャプテン,鏡純夏,638,1
570位,,キャプテン,ようやくみつけた,638,0
571位,,キャプテン,ケリー。,637,0
572位,,キャプテン,☆あ～にゃ☆,634,1
573位,,キャプテン,kellymuff8,634,0
574位,,キャプテン,マキャヴェッリ,634,0
575位,,キャプテン,メタ子,633,0
576位,,キャプテン,シュラサ,631,0
577位,,キャプテン,GLORIA☆,630,0
578位,,キャプテン,☆栞奈（27）☆,629,0
579位,,キャプテン,ピロンコン,627,1
580位,,キャプテン,ﾛﾝﾄﾞﾝ,626,0
581位,,キャプテン,直角法子,625,2
582位,,キャプテン,Shinin☆Star,625,0
583位,,キャプテン,タンポポと遊ぼ！,624,0
584位,,キャプテン,あんかーあかーん,623,1
585位,,キャプテン,matiti,623,1
586位,,キャプテン,アイスカヌレ,622,0
587位,,キャプテン,いーいぇふぉん,621,4
588位,,キャプテン,Yolu,621,0
589位,,キャプテン,CptJohn,620,1
590位,,キャプテン,♪ベル,620,0
591位,,キャプテン,幸福の花,619,0
592位,,キャプテン,トー・D・アオイ,619,0
593位,,キャプテン,流れ星しば丸,618,0
594位,,キャプテン,クザン【青キジ】,616,2
595位,,キャプテン,慢心の権化,615,0
596位,,キャプテン,白桔梗,615,0
597位,,キャプテン,ぱなぼぼ,614,3
598位,,キャプテン,Lost_Anchor,613,0
599位,,キャプテン,キャプテンA,612,0
600位,,キャプテン,oitan海,612,0
601位,,キャプテン,岬クン,611,4
602位,,キャプテン,水騎,611,3
603位,,キャプテン,Yu−jin,611,1
604位,,キャプテン,キャプテン・水野,611,1
605位,,キャプテン,ブラスター梨理香,611,0
606位,,キャプテン,ラムタブレット,611,0
607位,,キャプテン,きゃぷてん船,611,0
608位,,キャプテン,ぶちぶちいぐら゛,610,0
609位,,キャプテン,☆ナゴさん,609,1
610位,,キャプテン,アスコセンダ,608,0
611位,,キャプテン,ぴったりこん,608,0
612位,,キャプテン,コルドン・ブルー,608,0
613位,,キャプテン,キャップハム,606,0
614位,,キャプテン,三十路バンダナ女,606,0
615位,,キャプテン,ドレイクオルタ,605,0
616位,,キャプテン,なじゃらい,605,0
617位,,キャプテン,めぞのこ☆彡,604,0
618位,,キャプテン,涼君船長,602,2
619位,,キャプテン,怒り犬,601,3
620位,,キャプテン,村雨嬢,601,3
621位,,キャプテン,船長フォーチュン,601,2
622位,,キャプテン,トロノリア,601,1
623位,,キャプテン,るしる,601,0
624位,,キャプテン,Mary・Read,601,0
625位,,キャプテン,ヤマトリカブト,600,0
626位,,キャプテン,4234214,600,0
627位,,キャプテン,破天荒な航海,598,0
628位,,キャプテン,おむまる,597,0
629位,,キャプテン,第六ちゃんこ丸,593,0
630位,,キャプテン,ナゴさん,592,1
631位,,キャプテン,ヴェリイ,591,0
632位,,キャプテン,脱法ロリ,590,0
633位,,キャプテン,ちゃぷてん,589,0
634位,,キャプテン,☆リキ,588,0
635位,,キャプテン,炊飯器の魔術師,587,0
636位,,キャプテン,ふにゃーら,586,1
637位,,キャプテン,鹿ちゃんω,585,0
638位,,キャプテン,ﾃﾘ･ｸﾛｰﾃﾞｨｱ,584,3
639位,,キャプテン,ｸﾞﾚｰｽ･ｵﾏﾘｰ,584,1
640位,,キャプテン,酒村,583,1
641位,,キャプテン,朝顔の思い！,582,0
642位,,キャプテン,海越,582,0
643位,,キャプテン,Chiquita,581,0
644位,,キャプテン,ライピス,580,0
645位,,キャプテン,一念発起,579,0
646位,,キャプテン,比翼連理,579,0
647位,,キャプテン,おたーめしくん,579,0
648位,,キャプテン,capplebutter,579,0
649位,,キャプテン,Vortce,579,0
650位,,キャプテン,Ｑエメラルダス,576,0
651位,,キャプテン,さくさくぽてち♪,574,0
652位,,キャプテン,PlasmaBall,574,0
653位,,キャプテン,うりCH,573,0
654位,,キャプテン,月星_夜空,572,0
655位,,キャプテン,得能香車,572,0
656位,,キャプテン,ノット船長,571,1
657位,,キャプテン,四五六飛んで九,570,0
658位,,キャプテン,キャフテン,569,0
659位,,キャプテン,Vilion,569,0
660位,,キャプテン,キャプテン・,569,0
661位,,キャプテン,キャップちん,567,0
662位,,キャプテン,akkGG,567,0
663位,,キャプテン,ｷｬﾌﾟﾃﾝﾏﾝ,567,0
664位,,キャプテン,キャプテン茉莉香,566,0
665位,,キャプテン,佐々木美玲,565,0
666位,,キャプテン,ApuasGang,563,0
667位,,キャプテン,VUVD,562,0
668位,,キャプテン,☆Rioα☆,562,0
669位,,キャプテン,ﾏﾁﾙﾀﾞ_ｱｼﾞｬﾝ,561,1
670位,,キャプテン,キャプテンりの,561,0
671位,,キャプテン,Rum_Anchor,560,0
672位,,キャプテン,キャプテンサンタ,560,0
673位,,キャプテン,キャプＭＡＸ,559,1
674位,,キャプテン,☆ルディ☆,559,0
675位,,キャプテン,迷いるんば,559,0
676位,,キャプテン,はんいっと,557,0
677位,,キャプテン,結珈珠,555,0
678位,,キャプテン,キャプ１０,551,0
679位,,キャプテン,らいとうや！！,551,0
680位,,キャプテン,筋熊ｷｬﾝ,551,0
681位,,キャプテン,さんぞくちゃん,550,0
682位,,キャプテン,whity30,550,0
683位,,キャプテン,華子３,549,1
684位,,キャプテン,☆モコスケ☆,548,0
685位,,キャプテン,ペネトレー！,547,0
686位,,キャプテン,深海の喚起師,547,0
687位,,キャプテン,薄紅葵,546,0
688位,,キャプテン,Senope,545,0
689位,,キャプテン,ピンクリップ,544,0
690位,,キャプテン,夏丸すいか,543,1
691位,,キャプテン,リーリャル,543,0
692位,,キャプテン,海賊の弟子,542,2
693位,,キャプテン,キャップドレイク,541,0
694位,,キャプテン,船酔い船長,540,3
695位,,キャプテン,キャプテンハーロ,540,1
696位,,キャプテン,BEMYBABY☆,540,0
697位,,キャプテン,スーパーマーケッ,539,0
698位,,キャプテン,セカンド☆ラブ,539,0
699位,,キャプテン,ナツハ,538,0
700位,,キャプテン,桜呉蓮,536,3
701位,,キャプテン,harada3rd,535,0
702位,,キャプテン,男爵キャプテン,534,0
703位,,キャプテン,たまきちDX,534,0
704位,,キャプテン,さばのみそ煮,534,0
705位,,キャプテン,ｺｰﾙﾄﾞﾑｰﾝ,533,1
706位,,キャプテン,ファルミリア,533,0
707位,,キャプテン,にんめ肉巻き,532,1
708位,,キャプテン,富岡美優,532,0
709位,,キャプテン,賊刃,532,0
710位,,キャプテン,しらぶん,532,0
711位,,キャプテン,ポリーム,530,3
712位,,キャプテン,三島あかり,530,1
713位,,キャプテン,CapaCapaC,530,0
714位,,キャプテン,マロウブルー,528,0
715位,,キャプテン,はるひなた,528,0
716位,,キャプテン,チャラン・カノア,528,0
717位,,キャプテン,†ΨシルファΨ†,527,0
718位,,キャプテン,蒼瑠璃,527,0
719位,,キャプテン,エレノラ,527,0
720位,,キャプテン,キャプテンKID,527,0
721位,,キャプテン,жｶﾒﾛﾝж,527,0
722位,,キャプテン,ミミッキュ〆,524,1
723位,,キャプテン,ガミガミ教事務員,524,0
724位,,キャプテン,reo822,523,1
725位,,キャプテン,ZanThuS,523,0
726位,,キャプテン,100‰,522,1
727位,,キャプテン,水無瀬水無月,522,0
728位,,キャプテン,ムーシュ,521,1
729位,,キャプテン,xマヤマx,521,0
730位,,キャプテン,麒麟♪♪,521,0
731位,,キャプテン,海世界,520,0
732位,,キャプテン,Boony,520,0
733位,,キャプテン,みぃ☆e,520,0
734位,,キャプテン,King_Halo,519,0
735位,,キャプテン,きゃぷてんぺこ,518,0
736位,,キャプテン,ウナモゲラ,516,0
737位,,キャプテン,マリケス,516,0
738位,,キャプテン,ｼﾞｭｳﾞﾚ･ｼｬﾝﾍﾞﾙﾀﾝ,515,2
739位,,キャプテン,朝ガオ,514,0
740位,,キャプテン,OctoberStom☆,514,0
741位,,キャプテン,ミリスティア,514,0
742位,,キャプテン,てみちゃん,513,0
743位,,キャプテン,セスクイ,511,0
744位,,キャプテン,エジリ,511,0
745位,,キャプテン,海の女,511,0
746位,,キャプテン,マサマサｔ,510,0
747位,,キャプテン,Baaeed,509,2
748位,,キャプテン,アデサニア,508,0
749位,,キャプテン,ロブスタ,507,0
750位,,キャプテン,【【ζ】】,507,0
751位,,キャプテン,chablis,505,0
752位,,キャプテン,ｷｬｯﾌﾟﾃｰﾝ☆ﾘﾝｺﾞ,504,1
753位,,キャプテン,茶白白,504,1
754位,,キャプテン,ジョー海賊王,504,1
755位,,キャプテン,きゃぷてんさん,504,1
756位,,キャプテン,キャプテンみなみ,504,0
757位,,キャプテン,cunon,504,0
758位,,キャプテン,おもち！,503,2
759位,,キャプテン,おまえは？,502,0
760位,,キャプテン,daiking2,501,0
761位,,キャプテン,ぱんぺろ,500,0
762位,,キャプテン,ｷｬﾌﾟﾃﾝﾄｩｰｽ,500,0
763位,,キャプテン,周防パトラ,500,0
764位,,キャプテン,莞蒜,499,1
765位,,キャプテン,極微糖,498,1
766位,,キャプテン,きらなんとか,498,0
767位,,キャプテン,xovroj,498,0
768位,,キャプテン,若船長,497,0
769位,,キャプテン,キャプテリン,494,0
770位,,キャプテン,垣狗華子,493,1
771位,,キャプテン,栗子船長22,493,0
772位,,キャプテン,キャプテャン,493,0
773位,,キャプテン,ｷｬﾌﾟﾎﾑ。,493,0
774位,,キャプテン,パルファム♪,492,0
775位,,キャプテン,理香子21423,492,0
776位,,キャプテン,※い・に・し・え,491,0
777位,,キャプテン,キャプテン与沢翼,490,1
778位,,キャプテン,焼き鳥屋支店,490,0
779位,,キャプテン,勇往邁進,489,0
780位,,キャプテン,キャプテンの傀儡,489,0
781位,,キャプテン,c1over,489,0
782位,,キャプテン,錦古里由里,488,0
783位,,キャプテン,☆TATOO☆,487,1
784位,,キャプテン,理屈こねるパン屋,487,0
785位,,キャプテン,∂宝鐘マリン∂,485,0
786位,,キャプテン,副キャプテンかず,485,0
787位,,キャプテン,エアリアル2022,482,1
788位,,キャプテン,ポチたまお,480,0
789位,,キャプテン,小型船舶５級,480,0
790位,,キャプテン,温和勤勉,480,0
791位,,キャプテン,海王デビルマン,480,0
792位,,キャプテン,胡桃ちの,479,0
793位,,キャプテン,rakugan,478,2
794位,,キャプテン,◇がぁがぁ,478,0
795位,,キャプテン,whiterose☆,476,0
796位,,キャプテン,往古来今,476,0
797位,,キャプテン,PACHIGI,476,0
798位,,キャプテン,gumgem,475,0
799位,,キャプテン,金aoaka,473,0
800位,,キャプテン,アサガオの種,470,0
801位,,キャプテン,45cal,470,0
802位,,キャプテン,海獣,469,0
803位,,キャプテン,朝顔の大いなる夢,469,0
804位,,キャプテン,邪知暴虐,469,0
805位,,キャプテン,pink☆rose,468,0
806位,,キャプテン,やんだぁ～だめ,468,0
807位,,キャプテン,朝ガオが行く,467,0
808位,,キャプテン,Cロポッサ,466,0
809位,,キャプテン,亜弥女,464,2
810位,,キャプテン,ｽｳｨｰﾄﾚﾓﾝ。,464,0
811位,,キャプテン,ホー・リー,463,0
812位,,キャプテン,キャプ10,462,0
813位,,キャプテン,Captain_Nemo,461,1
814位,,キャプテン,キャプテンドッキ,460,0
815位,,キャプテン,ヲタ飯,460,0
816位,,キャプテン,金槌ψ提督,460,0
817位,,キャプテン,アンカーガールズ,459,0
818位,,キャプテン,残酷焼,458,1
819位,,キャプテン,とってもｷｬﾌﾟﾃﾝ,458,0
820位,,キャプテン,C．Falcon,458,0
821位,,キャプテン,獸剣,455,1
822位,,キャプテン,Ｃ・Ｃ夏菜子．Ｍ,454,0
823位,,キャプテン,船から降りろー,454,0
824位,,キャプテン,勇兎,454,0
825位,,キャプテン,酒瓶,453,0
826位,,キャプテン,ハーロック三世,452,0
827位,,キャプテン,フェヴリエル,451,0
828位,,キャプテン,ｱｲﾘｯｼｭﾓﾙﾄｳｨｽｷｰ,450,0
829位,,キャプテン,二階堂Yume,450,0
830位,,キャプテン,星瀾,448,0
831位,,キャプテン,八重神子,447,0
832位,,キャプテン,メアリー・リュー,446,0
833位,,キャプテン,＠マーゴット＠,445,0
834位,,キャプテン,ジョー船長,444,1
835位,,キャプテン,Sandworm,444,0
836位,,キャプテン,神乳大元帥,444,0
837位,,キャプテン,Lielly,443,0
838位,,キャプテン,ｱｲﾘｯｼｭﾓﾙﾄｼｬｽﾀｽ,442,0
839位,,キャプテン,怒りの使途,440,0
840位,,キャプテン,タンポポの町,439,0
841位,,キャプテン,錨大佐,438,0
842位,,キャプテン,玉瀾,437,0
843位,,キャプテン,マーラーカオ,437,0
844位,,キャプテン,陽だまり錨,436,0
845位,,キャプテン,メルフェーム,435,0
846位,,キャプテン,支援がほしい子,435,0
847位,,キャプテン,Red_Captain,434,0
848位,,キャプテン,たんぽぽの錨,433,0
849位,,キャプテン,邪道α,432,3
850位,,キャプテン,キティハーロック,432,0
851位,,キャプテン,S鯖太郎,431,0
852位,,キャプテン,はーろっく,429,0
853位,,キャプテン,獅子王海里,429,0
854位,,キャプテン,船乗りおふう,428,2
855位,,キャプテン,吉原殿中,428,0
856位,,キャプテン,負け犬AS,427,1
857位,,キャプテン,小型船舶４級,427,0
858位,,キャプテン,～闇の雫～,425,0
859位,,キャプテン,梅沢美波,423,0
860位,,キャプテン,まろてん,422,0
861位,,キャプテン,RogLevia,421,0
862位,,キャプテン,A・ボニー,420,0
863位,,キャプテン,甲板員,420,0
864位,,キャプテン,ダークラム,419,0
865位,,キャプテン,こあらのマーーチ,419,0
866位,,キャプテン,アーリム,418,0
867位,,キャプテン,タンポポの微笑,417,0
868位,,キャプテン,24時間稼働NEET,416,1
869位,,キャプテン,グラニュウェール,414,0
870位,,キャプテン,たまはん,414,0
871位,,キャプテン,つバさ,413,0
872位,,キャプテン,カレン（ΦωΦ）,412,0
873位,,キャプテン,ゴールドサマンサ,412,0
874位,,キャプテン,キャプテン理香子,412,0
875位,,キャプテン,o。筋熊。o,411,0
876位,,キャプテン,ex_Makina,410,0
877位,,キャプテン,海の覇者,409,1
878位,,キャプテン,きゅう＠youtube_,409,0
879位,,キャプテン,SeaDre,409,0
880位,,キャプテン,ｷｬﾌﾟﾃﾝｸﾝ,409,0
881位,,キャプテン,めろん１３,408,0
882位,,キャプテン,フランジュラス,408,0
883位,,キャプテン,X4F26,407,0
884位,,キャプテン,アサガオの願い,407,0
885位,,キャプテン,涼君６,407,0
886位,,キャプテン,裸眼,405,0
887位,,キャプテン,バークレイズ,405,0
888位,,キャプテン,アスぱら,404,1
889位,,キャプテン,bakku,403,1
890位,,キャプテン,ぬまえび代,403,0
891位,,キャプテン,海賊公星,403,0
892位,,キャプテン,ソルト☆,403,0
893位,,キャプテン,砂糖黍,403,0
894位,,キャプテン,タンポポ錨,400,0
895位,,キャプテン,十マリア十,398,0
896位,,キャプテン,水の絆♪,397,0
897位,,キャプテン,☆彡ハンナ☆彡,396,0
898位,,キャプテン,ヤイサホー,395,0
899位,,キャプテン,yonban,395,0
900位,,キャプテン,山﨑天,394,0
901位,,キャプテン,餡南万理ー,394,0
902位,,キャプテン,水の影♪,393,0
903位,,キャプテン,こりょうあげ,393,0
904位,,キャプテン,えすかぺ,392,0
905位,,キャプテン,海賊王ぷちまる,391,0
906位,,キャプテン,ｷｬﾌﾟﾃﾝ,391,0
907位,,キャプテン,王Jrコエンマ,391,0
908位,,キャプテン,神風特攻隊７号,390,0
909位,,キャプテン,日南,387,0
910位,,キャプテン,エリザヘス女王,387,0
911位,,キャプテン,aki333,386,1
912位,,キャプテン,CAPTAIN翼,386,0
913位,,キャプテン,ﾍﾞﾈｽﾞｴﾗ,386,0
914位,,キャプテン,シャイエ,386,0
915位,,キャプテン,ξsoritonξ,385,0
916位,,キャプテン,ぽこきゃん,385,0
917位,,キャプテン,magot,383,0
918位,,キャプテン,棘付の肉球,383,0
919位,,キャプテン,Xb10r,382,1
920位,,キャプテン,京番茶,381,0
921位,,キャプテン,五十里,380,3
922位,,キャプテン,yagime,380,0
923位,,キャプテン,ツナミ大使,379,0
924位,,キャプテン,リリーズ,379,0
925位,,キャプテン,ginipoth,379,0
926位,,キャプテン,チエリン,378,0
927位,,キャプテン,アズナルブ,378,0
928位,,キャプテン,イ―ガニック,377,0
929位,,キャプテン,磯の香り,377,0
930位,,キャプテン,すふにゃ船長,376,0
931位,,キャプテン,水月観夏,376,0
932位,,キャプテン,怒りのマリー,374,0
933位,,キャプテン,いかりちゃん,374,0
934位,,キャプテン,砂海,374,0
935位,,キャプテン,碇獣,374,0
936位,,キャプテン,坂本サンタモニカ,374,0
937位,,キャプテン,ラーカ・イラム,373,0
938位,,キャプテン,エンリオ,372,0
939位,,キャプテン,おーい龍馬,372,0
940位,,キャプテン,キャプテ〜ン,371,0
941位,,キャプテン,アン・リード,371,0
942位,,キャプテン,QっQ,371,0
943位,,キャプテン,裏々kazzy,371,0
944位,,キャプテン,Rykey,370,0
945位,,キャプテン,ずんだ大福,369,0
946位,,キャプテン,日本シバ,369,0
947位,,キャプテン,タンポポと錨,368,0
948位,,キャプテン,壮絶な荒波,367,0
949位,,キャプテン,やめロッテ,365,0
950位,,キャプテン,ﾘﾝｼｬｳ・ｲｶﾘ,365,0
951位,,キャプテン,兵衛次郎,364,0
952位,,キャプテン,アルベラ,361,1
953位,,キャプテン,すーぱーまるこ,361,0
954位,,キャプテン,tes1,361,0
955位,,キャプテン,Cpドラゴ,360,0
956位,,キャプテン,あんぱんの有識者,360,0
957位,,キャプテン,オリビアニュー,359,0
958位,,キャプテン,ショーク,359,0
959位,,キャプテン,LowCap,359,0
960位,,キャプテン,しずくの,358,0
961位,,キャプテン,nerufa,357,0
962位,,キャプテン,Vorpal_A,357,0
963位,,キャプテン,ドランク・メリー,356,0
964位,,キャプテン,機関員,356,0
965位,,キャプテン,碧志摩メグ,355,0
966位,,キャプテン,Cuizhinert,355,0
967位,,キャプテン,ドリュッセン,353,0
968位,,キャプテン,ぐるぐる丸,352,0
969位,,キャプテン,十無十,350,0
970位,,キャプテン,ｴｽﾄﾆｱ,347,0
971位,,キャプテン,ぷん・キャップ,347,0
972位,,キャプテン,あいちます,346,0
973位,,キャプテン,大キャプテン,346,0
974位,,キャプテン,酒呑女子,346,0
975位,,キャプテン,戦士ミーニャ,346,0
976位,,キャプテン,あーるなな,345,0
977位,,キャプテン,シリア・アラブ,345,0
978位,,キャプテン,こむぴゃ,344,0
979位,,キャプテン,§みさき§,343,0
980位,,キャプテン,がんばえええ,342,0
981位,,キャプテン,ごみへい,341,0
982位,,キャプテン,☆きっき☆,340,0
983位,,キャプテン,しおら,340,0
984位,,キャプテン,パブロトーレ,340,0
985位,,キャプテン,きゃぷん,340,0
986位,,キャプテン,レーシ・ルリ,339,0
987位,,キャプテン,Cpツバサ,339,0
988位,,キャプテン,シー・ロイド,339,0
989位,,キャプテン,がるがん,338,0
990位,,キャプテン,漆黒の船長,338,0
991位,,キャプテン,Misマーガレット,338,0
992位,,キャプテン,汐里｡,338,0
993位,,キャプテン,ファック船長,337,0
994位,,キャプテン,きゃぷてんはいど,337,0
995位,,キャプテン,にゃむまる水産,336,0
996位,,キャプテン,アルティちゃん,336,0
997位,,キャプテン,海賊娘ミリアム,335,0
998位,,キャプテン,Wellplayed,334,0
999位,,キャプテン,めぢゅーさ,334,0
