1位,,霊術師,neon43,1726,5
2位,,霊術師,きゃぴ☆,1713,5
3位,,闘士,砂の果実,1701,5
4位,,霊術師,nero＋α,1701,5
5位,,霊術師,∬vergeofdeath∬,1606,5
6位,,闘士,BomberYeahINARI,1602,5
7位,,霊術師,ピアッツァ,1600,5
8位,,霊術師,ゆきゅ,1579,5
9位,,霊術師,超鎌子,1550,5
10位,,霊術師,Woｌｌim,1549,5
11位,,霊術師,南国パンサー,1503,5
12位,,霊術師,ほりれみ,1500,5
13位,,闘士,ｿﾙ・ｽﾄﾗｲﾀﾞｰ,1490,5
14位,,闘士,☆ネネチャン,1475,5
15位,,霊術師,＠つなまよ,1470,5
16位,,霊術師,△万里花△,1450,5
17位,,霊術師,お試しください♪,1445,5
18位,,霊術師,闘ソフィ闘,1428,5
19位,,闘士,MahoExp,1425,5
20位,,闘士,◇妖精◇,1417,5
21位,,霊術師,【Verdandi】,1413,5
22位,,闘士,和泉紗霧,1408,5
23位,,闘士,ぽにたん,1396,3
24位,,闘士,サタジ,1390,5
25位,,闘士,僕色凍結,1378,5
26位,,霊術師,Ψ榴Ψ,1377,5
27位,,霊術師,おかまこ,1326,5
28位,,闘士,あいどるはっちゅ,1309,5
29位,,霊術師,AbigailWilliams,1292,5
30位,,霊術師,はれいくいん,1290,5
31位,,闘士,中辛ねーちゃん,1288,5
32位,,霊術師,加茂野理緒,1274,5
33位,,霊術師,SKサン,1272,5
34位,,霊術師,Revoked,1268,5
35位,,霊術師,カーマは気まぐれ,1261,5
36位,,霊術師,ｸﾛﾉｽﾀｼｽ,1256,5
37位,,闘士,Zarathustra†,1253,5
38位,,闘士,獣を司る死神,1253,5
39位,,霊術師,物理でゴリゴリ,1253,5
40位,,霊術師,霧榎,1252,5
41位,,霊術師,GOLDHIDE．,1251,5
42位,,霊術師,ビッグマック,1251,5
43位,,霊術師,√水の月,1250,5
44位,,霊術師,ヴィルシーナ,1250,5
45位,,霊術師,ほんげー,1250,5
46位,,霊術師,kodomom,1236,5
47位,,霊術師,鎌女とか怖いだろ,1232,5
48位,,霊術師,ちまたん,1221,5
49位,,霊術師,ぺぺろんち,1216,5
50位,,闘士,いのししん,1215,5
51位,,闘士,ニョアの七番弟子,1211,5
52位,,闘士,コムラガエリ,1201,5
53位,,霊術師,あとはまかせた！,1201,5
54位,,霊術師,リーペスト,1200,5
55位,,霊術師,DerTod,1196,5
56位,,闘士,ハイドーモ,1190,5
57位,,霊術師,DX惡魔〆,1168,5
58位,,霊術師,江楠,1164,5
59位,,闘士,青茄子ﾄﾞﾗｯｸﾞ,1163,5
60位,,霊術師,さめ夜,1162,5
61位,,霊術師,▲万里花▲,1162,5
62位,,闘士,＠つなもや,1156,5
63位,,霊術師,かけら出しガンバ,1147,5
64位,,霊術師,△まりか△,1147,5
65位,,闘士,☆♪nana♪☆,1139,5
66位,,霊術師,イヤダ佑,1137,5
67位,,霊術師,風おぼろ,1129,5
68位,,霊術師,ナベスト,1117,5
69位,,闘士,ミナミ♪,1096,5
70位,,霊術師,bashar10,1096,5
71位,,霊術師,ちょめや☆,1096,5
72位,,霊術師,CelesChere,1089,5
73位,,霊術師,ハルポン６,1087,5
74位,,闘士,孫魯班,1086,5
75位,,霊術師,華ちゃん☆,1082,4
76位,,闘士,鼈£ｸおやじ,1079,5
77位,,闘士,☆ネネチャン☆,1074,5
78位,,霊術師,ｼﾞｬｽﾊﾟｰ,1074,5
79位,,霊術師,世の中現金です,1064,5
80位,,霊術師,じゃがいも先生,1063,5
81位,,霊術師,モトロン,1062,5
82位,,闘士,N_ホウミュラー,1058,5
83位,,霊術師,脇腹谷毒ｶﾞｽ丸,1056,5
84位,,霊術師,Kirschtorte,1055,5
85位,,霊術師,トレジャハンター,1054,5
86位,,闘士,ミリュー,1049,5
87位,,闘士,フィンセア,1045,3
88位,,闘士,キャロリーニャ,1044,5
89位,,闘士,�当ｻ��,1042,5
90位,,霊術師,おっぱいﾎﾞｲﾝﾎﾞｲﾝ,1042,5
91位,,霊術師,ラカッシュ,1040,5
92位,,闘士,温帯低気圧,1039,5
93位,,霊術師,赤青珊瑚,1038,5
94位,,闘士,下半身チャラ男,1037,5
95位,,霊術師,そろもん�[,1036,5
96位,,霊術師,AtelerBoz,1034,5
97位,,霊術師,†せるてぃっく†,1033,5
98位,,闘士,MI☆RAI,1032,5
99位,,霊術師,金色の嵐,1030,5
100位,,霊術師,MirrorCubeSquare,1029,5
101位,,霊術師,綾瀬千早,1029,5
102位,,闘士,桃色ラプソディ,1025,5
103位,,霊術師,チヒロ２５４５号,1024,5
104位,,霊術師,渝渝,1023,5
105位,,霊術師,SIGKILL,1023,5
106位,,霊術師,たまちゃんＲ,1022,5
107位,,霊術師,（株）うさぎ商店,1020,5
108位,,霊術師,ダレノガレ明美,1020,5
109位,,闘士,☆sheet☆,1018,5
110位,,霊術師,満天華,1018,5
111位,,闘士,☆Valefor☆,1016,5
112位,,闘士,Lionel・Messi,1013,5
113位,,霊術師,リんゴ,1013,5
114位,,闘士,月虹フリード,1012,3
115位,,闘士,セクァヌ,1011,5
116位,,闘士,赤石ずん子,1011,5
117位,,闘士,サンダー龍子,1010,5
118位,,霊術師,＊しおり＊,1010,5
119位,,霊術師,二相系,1010,5
120位,,霊術師,ティナティ,1010,5
121位,,霊術師,Librae,1010,5
122位,,闘士,サラ・ヴィド,1009,5
123位,,霊術師,MerryHurryBerry,1009,5
124位,,霊術師,シーフ天使,1008,5
125位,,霊術師,梨梨,1008,5
126位,,闘士,カレリア・パイ♪,1007,5
127位,,霊術師,サックリ,1007,5
128位,,霊術師,ουρο,1006,5
129位,,霊術師,百田カマこ,1006,5
130位,,霊術師,待つ宵の空鏡,1006,5
131位,,霊術師,dkgsdht,1006,5
132位,,闘士,冥土,1003,5
133位,,闘士,紅の龍鳳,1003,5
134位,,霊術師,海賊うに姫,1003,5
135位,,闘士,秘密の金魚,1002,5
136位,,闘士,しゅがぁ,1002,5
137位,,霊術師,霊Lord,1001,5
138位,,霊術師,あじゅきる,1001,5
139位,,霊術師,あとらん,1001,5
140位,,霊術師,焼肉バス,1001,5
141位,,霊術師,レセス,1001,1
142位,,闘士,ζScare・Crowζ,1000,5
143位,,闘士,すなっぷおん☆,1000,5
144位,,霊術師,みづはのめ,1000,5
145位,,霊術師,霊玲,1000,5
146位,,闘士,ちまっころ,998,5
147位,,闘士,†滝川ﾎﾟﾘｴｽﾃﾙ†,997,5
148位,,霊術師,ΣブッシュΣ,996,3
149位,,闘士,エチャ＠T,995,5
150位,,霊術師,ぽにゃ娘。,994,5
151位,,霊術師,†WÅDE†,991,5
152位,,霊術師,闘霊操爪魂,987,5
153位,,霊術師,徒花の涙,984,5
154位,,霊術師,アイスリスト,984,5
155位,,霊術師,レイナG,984,5
156位,,霊術師,スカダン,983,5
157位,,霊術師,牛丼メガもり子,983,4
158位,,闘士,偽なお,979,5
159位,,霊術師,八海�U世,979,5
160位,,闘士,ちゃん☆ぽよ,978,5
161位,,霊術師,於小亥,977,5
162位,,霊術師,ｹﾞｰﾘｰ・ﾘﾈｶｰ,977,5
163位,,霊術師,§モカ,976,5
164位,,霊術師,みに倉庫担当秘書,976,5
165位,,霊術師,キャログリーン,976,0
166位,,霊術師,Harry・Winston,975,5
167位,,霊術師,マーナイザー,975,5
168位,,霊術師,こみやちゃん,974,5
169位,,霊術師,そこの角曲がって,972,5
170位,,霊術師,音無しの萌,972,5
171位,,霊術師,如月かんな,971,5
172位,,霊術師,青い空の真下で〜,971,5
173位,,霊術師,ジィド・ジャシン,971,5
174位,,霊術師,グラナダ☆,970,5
175位,,霊術師,こっこ�T世,970,5
176位,,闘士,akiman,968,5
177位,,霊術師,じれったい,968,5
178位,,霊術師,これっきゃない,968,5
179位,,霊術師,F＿霊術,968,4
180位,,霊術師,GAME_END,968,4
181位,,霊術師,emeの鉄拳制裁,967,5
182位,,霊術師,独走２４時間,966,5
183位,,霊術師,スイッチくん,966,5
184位,,闘士,受けだけどね,966,4
185位,,闘士,闇夜に輝く女帝,965,5
186位,,霊術師,☆ZIL☆,965,5
187位,,霊術師,しげ霊術,965,5
188位,,闘士,遊眞_003,965,4
189位,,闘士,ぽめいじ,964,5
190位,,霊術師,めざしちゃん,964,5
191位,,霊術師,ティアシル,964,5
192位,,霊術師,べっかん娘,964,5
193位,,闘士,ｽﾋﾟﾘｯﾂｵﾌﾞｷｬﾝﾀﾏ,963,5
194位,,霊術師,マヨケチャ,962,5
195位,,霊術師,夜紗姫,962,5
196位,,霊術師,虹の架橋,962,5
197位,,霊術師,あずきおでん丸,962,5
198位,,霊術師,アレ勃ちぬ,961,5
199位,,闘士,極楽院和泉子,961,4
200位,,闘士,SOJIASMA,960,5
201位,,闘士,ZENTZ,960,5
202位,,霊術師,ショルダーズ,960,5
203位,,霊術師,メジャイ。,960,5
204位,,霊術師,G線上のみさき,960,5
205位,,霊術師,まな１,960,5
206位,,闘士,レインボーレオン,960,0
207位,,霊術師,凛々花,959,5
208位,,霊術師,こしゃるはしす,959,5
209位,,霊術師,初見です,959,5
210位,,霊術師,gひぶりぞ,959,5
211位,,闘士,ねこぱんち！,959,2
212位,,闘士,楊姫,958,5
213位,,霊術師,シャロンリーゼ,958,5
214位,,霊術師,Жヴァーミリオン,957,5
215位,,霊術師,怪異症候群,957,5
216位,,霊術師,〜槐〜,957,5
217位,,闘士,uno刻の涙を見る,956,5
218位,,闘士,エリザベス日記２,956,5
219位,,闘士,二ノ花,955,5
220位,,霊術師,ケロン（＾＾）,955,5
221位,,霊術師,yuzu01,954,5
222位,,霊術師,ウィルチュリーズ,954,5
223位,,霊術師,ﾚﾍﾞｯｶ・ﾘｰ,954,5
224位,,闘士,ララジーン,953,5
225位,,闘士,ミナヒナ,953,3
226位,,闘士,シスターレイ,952,5
227位,,霊術師,ぶりぃー,952,5
228位,,闘士,豹子頭。,951,5
229位,,霊術師,九ノ花,951,5
230位,,霊術師,黒月輝夜,951,5
231位,,霊術師,宵空黎音,951,3
232位,,霊術師,シトラス100,951,3
233位,,闘士,比�淘蜷_,950,5
234位,,霊術師,小早川ヒデアキ,950,5
235位,,闘士,もふんも,950,4
236位,,闘士,鈎嬢,949,5
237位,,闘士,ねも。,949,5
238位,,霊術師,☆一氏ユウ,949,5
239位,,霊術師,とりあえず作った,949,3
240位,,闘士,バブル�U世,949,2
241位,,闘士,志摩葵,948,5
242位,,闘士,桜舞夢,948,5
243位,,闘士,ちよ術師,948,5
244位,,霊術師,ドリパス♪,948,5
245位,,霊術師,武鎌,948,5
246位,,霊術師,オールイン,948,5
247位,,霊術師,帝神,948,5
248位,,霊術師,こちゅねぇ,948,5
249位,,霊術師,CagalliYulaAthha,948,0
250位,,霊術師,Ｆａｋｅstar,948,0
251位,,霊術師,ばる、,947,5
252位,,霊術師,ΔｻｲﾊﾞﾊﾞΔ,947,5
253位,,闘士,アメニチャンス,947,4
254位,,闘士,はろっず,947,2
255位,,霊術師,ひ☆よ☆こ,946,5
256位,,霊術師,ごりら丸,946,5
257位,,霊術師,叉那,946,5
258位,,霊術師,チョッパー。,946,3
259位,,霊術師,ティアラ桜,946,2
260位,,闘士,破壊神地縛犬,945,5
261位,,霊術師,ヤミルンルン,945,5
262位,,霊術師,霊乱玲,945,5
263位,,霊術師,青春タコ少女,945,5
264位,,霊術師,かき氷☆めろん,945,5
265位,,霊術師,桜乃華,945,5
266位,,霊術師,シークエッジ,945,5
267位,,闘士,メグロア,945,4
268位,,霊術師,ジャンヌ・ダル子,944,5
269位,,闘士,崇高なる破壊者,943,5
270位,,闘士,ポロりん,943,5
271位,,霊術師,黒魔道士ZEREHU,943,3
272位,,霊術師,神楽−KAGURA−,943,1
273位,,闘士,�唐kＵＰＩ��,942,5
274位,,闘士,もるちゃん♪,942,5
275位,,霊術師,女龍,942,5
276位,,霊術師,ピッコリーノ☆,942,5
277位,,霊術師,�痘ﾏ敦人形��,942,3
278位,,闘士,Adara,941,5
279位,,霊術師,アキ姫♪,941,5
280位,,霊術師,猫鎌,941,5
281位,,霊術師,Polkadots,941,5
282位,,闘士,ララフィム,941,4
283位,,闘士,マルコ☆ロデム,941,3
284位,,霊術師,ヘルバーニング,941,0
285位,,霊術師,ベルサ・リア,940,5
286位,,霊術師,ルルティ−,940,5
287位,,霊術師,○ハク○,940,5
288位,,霊術師,ロサ・エグランテ,940,5
289位,,霊術師,りゅうぺろ,940,5
290位,,霊術師,KAGEYAMA6,940,5
291位,,霊術師,みまさ,940,3
292位,,霊術師,ディアカナ♪,940,3
293位,,闘士,はぴ茶〆,939,5
294位,,闘士,Bitterblossom,939,5
295位,,霊術師,shiroΩ,939,5
296位,,霊術師,弓神ビビ様,939,5
297位,,霊術師,慎めろ,939,5
298位,,霊術師,ペトルン・カムイ,939,5
299位,,霊術師,ことさいず,939,5
300位,,闘士,和武,938,5
301位,,闘士,��サヴィナ��,938,5
302位,,霊術師,ちなちゃん,938,5
303位,,霊術師,花の首飾り,938,5
304位,,霊術師,ザラエ,938,5
305位,,霊術師,斎の金魚,938,0
306位,,闘士,ピコピョン,937,5
307位,,闘士,ﾙｰﾄ･ｺｰﾀﾞﾝﾃ,937,5
308位,,闘士,ちしおじわじわ,937,5
309位,,霊術師,REX７７,937,5
310位,,霊術師,いも軍隊,937,5
311位,,闘士,リトルベアー,936,5
312位,,闘士,「とち」,936,5
313位,,闘士,ソアーレス,936,5
314位,,闘士,ララディス,936,4
315位,,霊術師,Artemisfoul5925,936,1
316位,,霊術師,響花,935,5
317位,,霊術師,��33,935,5
318位,,霊術師,�唐ｳくらα��,935,5
319位,,霊術師,アルベド☆,935,5
320位,,霊術師,避難所の中ボス,935,5
321位,,闘士,ルルフィム,935,4
322位,,闘士,£カペラ£,935,4
323位,,霊術師,釜揚げうどん香川,935,4
324位,,霊術師,ダンシングロンド,935,0
325位,,闘士,katrina,934,5
326位,,闘士,MoCuishle,934,5
327位,,闘士,小早川蘭,934,5
328位,,霊術師,Lynn_F,934,5
329位,,霊術師,沙貴子,934,5
330位,,霊術師,烏賊様,934,5
331位,,霊術師,バニラグラス,934,5
332位,,闘士,猫銀,933,5
333位,,闘士,鎌ちゃん,933,5
334位,,闘士,J・KIDD,933,5
335位,,霊術師,うさもも,933,5
336位,,霊術師,ｳﾆｬｰ,933,5
337位,,霊術師,まほろばの祈り,933,5
338位,,霊術師,aporo0309,933,5
339位,,霊術師,バロノクス,933,4
340位,,闘士,Buffett,933,1
341位,,闘士,紅綾女,932,5
342位,,闘士,†TIME†,932,5
343位,,霊術師,Akebia,932,5
344位,,霊術師,銀鎌,932,5
345位,,霊術師,Lucia♪,932,5
346位,,霊術師,†ぷりん†,932,5
347位,,闘士,リリロア,932,2
348位,,霊術師,村娘B,932,2
349位,,闘士,AKANKA,931,5
350位,,闘士,蒼い髪,931,5
351位,,霊術師,霊術姫,931,5
352位,,霊術師,i5‐10400,931,5
353位,,霊術師,死の使者リリス,931,5
354位,,霊術師,りどりぃ,931,5
355位,,霊術師,あやまん＠隊長,931,5
356位,,霊術師,リルトット,931,5
357位,,霊術師,狂会流双留,931,3
358位,,闘士,ﾎｯﾄｷｬﾝﾃﾞｨｰ,930,5
359位,,闘士,せし�U,930,5
360位,,闘士,殴ったんです,930,5
361位,,闘士,tousi8,930,5
362位,,闘士,オーラシルバー,930,5
363位,,霊術師,入須,930,5
364位,,霊術師,感情の摩天楼,930,5
365位,,霊術師,月英。,930,5
366位,,霊術師,ジンジャー・リン,930,5
367位,,霊術師,ラビットちゃん,930,5
368位,,霊術師,Chesterfield,930,5
369位,,霊術師,ティーナ。,930,4
370位,,闘士,ぽにやま。,930,2
371位,,霊術師,ラムリュア,930,2
372位,,闘士,5月に咲いた櫻,929,5
373位,,闘士,濡烏、,929,5
374位,,霊術師,フェリアーナ,929,5
375位,,霊術師,シャルロア,929,5
376位,,霊術師,紅美。,929,5
377位,,霊術師,ragtin,929,5
378位,,霊術師,ﾐﾆﾓﾝﾌﾞﾗﾝ,929,5
379位,,霊術師,皐月楓,929,5
380位,,霊術師,レイリ〜ちゃん,929,5
381位,,闘士,ハートミント,929,3
382位,,闘士,ナナブリッド,929,1
383位,,闘士,串だんご,928,5
384位,,闘士,女龍2,928,5
385位,,闘士,荀攸公達,928,5
386位,,闘士,とりぶる,928,5
387位,,闘士,性奴隷,928,5
388位,,霊術師,江波,928,5
389位,,霊術師,カイト・K,928,5
390位,,霊術師,はっき〜,928,5
391位,,霊術師,ﾆｰﾅ・ｸﾚｲｳﾞ,928,5
392位,,霊術師,受付中,928,5
393位,,霊術師,釣られないクマー,928,5
394位,,霊術師,テッカテカ,928,5
395位,,霊術師,Weird†Rebellion,928,5
396位,,闘士,リリブラック,928,2
397位,,闘士,babyseal,927,5
398位,,闘士,キムレイ,927,5
399位,,霊術師,笑泉,927,5
400位,,霊術師,三ヵ月,927,5
401位,,霊術師,本格派左腕,927,5
402位,,霊術師,風柱,927,5
403位,,霊術師,紫希,927,3
404位,,闘士,ロケットQueen☆ﾐ,927,2
405位,,霊術師,ﾀﾏｺﾞ,927,1
406位,,霊術師,ﾊﾟﾘ☆,927,0
407位,,闘士,樋の葉,926,5
408位,,闘士,Arisia_Sheen,926,5
409位,,闘士,もーると,926,5
410位,,闘士,夕姫☆,926,5
411位,,霊術師,GearaDoga,926,5
412位,,霊術師,ネクラス,926,5
413位,,霊術師,マルグレット,926,5
414位,,霊術師,綾瀬唯,926,5
415位,,霊術師,Ryufalis,926,4
416位,,闘士,ジンベエ。,926,3
417位,,霊術師,旅だっちゃ＞＜,926,3
418位,,霊術師,ちあ１００％,926,3
419位,,闘士,AK_ADAH,925,5
420位,,闘士,ぬぬきに,925,5
421位,,闘士,ｳﾙｳﾞｧﾘﾝの娘,925,5
422位,,霊術師,†夕波吹雪†,925,5
423位,,霊術師,ガリン,925,5
424位,,霊術師,popolo2,925,5
425位,,霊術師,∂ほたる∂,925,5
426位,,霊術師,林致,925,5
427位,,霊術師,☆マレフィセント,925,5
428位,,霊術師,↑トチ↑,925,5
429位,,霊術師,ににゃ,925,5
430位,,闘士,＊あやまん＊,924,5
431位,,霊術師,トリッシュウナ,924,5
432位,,霊術師,☆黒姫,924,5
433位,,霊術師,TweetyBird,924,5
434位,,霊術師,ちたラー,924,5
435位,,霊術師,コイロ,924,5
436位,,霊術師,黒い灯火,924,5
437位,,霊術師,romatan,924,5
438位,,霊術師,〜朧α〜,924,5
439位,,霊術師,GenkaR,924,5
440位,,霊術師,いり田かす美,924,4
441位,,闘士,零崎愛織,924,1
442位,,霊術師,セイシェルワ,924,1
443位,,霊術師,秋星紋華,924,0
444位,,闘士,吉田沙保里Nx,923,5
445位,,闘士,Libra†,923,5
446位,,霊術師,ﾚｲﾝﾌｫｰﾚｽﾄﾊﾟｰﾙ,923,5
447位,,霊術師,あの花の咲く頃に,923,5
448位,,霊術師,突撃飛猫,923,5
449位,,霊術師,ﾗﾙﾑ･ｳﾞｫﾜ,923,5
450位,,霊術師,Avantasia,923,5
451位,,霊術師,（ZIN）,923,5
452位,,霊術師,ねぎ☆抜き,923,5
453位,,霊術師,れいとう,923,5
454位,,霊術師,キツネ月,923,5
455位,,霊術師,Incubator,923,5
456位,,霊術師,shylph,923,5
457位,,闘士,レイレィ・ホゥ,923,4
458位,,霊術師,セルティック○,923,4
459位,,霊術師,花意竹情,923,4
460位,,霊術師,QUARTER‐DOLL,923,2
461位,,闘士,そこたん,923,0
462位,,霊術師,Kulala,923,0
463位,,霊術師,真由梨,923,0
464位,,闘士,Sorusu,922,5
465位,,闘士,ごちそうさん＾＾,922,5
466位,,闘士,伊之助,922,5
467位,,闘士,Megalovania,922,5
468位,,闘士,GalbusAstrea92,922,5
469位,,闘士,がんもちゃん,922,5
470位,,闘士,オリオンハート,922,5
471位,,霊術師,みゃー闘,922,5
472位,,霊術師,ReijyutuX,922,5
473位,,霊術師,newカモン,922,5
474位,,霊術師,コメント,922,5
475位,,霊術師,ララＤ,922,5
476位,,霊術師,鬼嫁（＾▽＾）,922,5
477位,,霊術師,ルウクPART4,922,5
478位,,霊術師,☆ﾋﾞﾀｰｼｮｺﾗ☆,922,5
479位,,霊術師,†女豹†,922,5
480位,,霊術師,風真るい,922,5
481位,,霊術師,ﾋｽﾃﾘｯｸｸﾞﾗﾏｰ,922,5
482位,,霊術師,wendine,922,5
483位,,霊術師,イチゴショート♪,922,5
484位,,霊術師,†Mills†,922,5
485位,,霊術師,JuryusXII,922,5
486位,,霊術師,塩焼き君,922,4
487位,,霊術師,美妖Ｇ,922,1
488位,,闘士,パラリンコ,922,0
489位,,霊術師,よい子の乳９,922,0
490位,,霊術師,彗霊,922,0
491位,,霊術師,焔霊,922,0
492位,,闘士,☆西澤桜華☆,921,5
493位,,闘士,☆オニちゃん☆,921,5
494位,,霊術師,鎌ってちょうだい,921,5
495位,,霊術師,甲柊鎌足,921,5
496位,,霊術師,りょうかいです,921,5
497位,,霊術師,ζmicaζ,921,5
498位,,霊術師,noahto,921,5
499位,,霊術師,Francesca．,921,5
500位,,霊術師,玉依なるみ,921,5
501位,,闘士,釈迦に殺法,921,4
502位,,霊術師,神速の鬼,921,4
503位,,闘士,エストレーゼ,921,3
504位,,霊術師,ふれちゃん☆,921,3
505位,,闘士,ララフィナ,921,2
506位,,闘士,レジリエンス,921,0
507位,,霊術師,デブかま,921,0
508位,,霊術師,輝霊,921,0
509位,,霊術師,短気の子,921,0
510位,,霊術師,翠霊,921,0
511位,,霊術師,鎚霊,921,0
512位,,霊術師,hesp,921,0
513位,,闘士,戦嬢,920,5
514位,,闘士,ガブリエレン,920,5
515位,,霊術師,カタリナ。,920,5
516位,,霊術師,がさ☆がさ,920,5
517位,,霊術師,шＲЯш,920,5
518位,,霊術師,にもo,920,5
519位,,霊術師,ｼﾞｯﾀﾘﾝ･ｼﾞﾝ,920,5
520位,,霊術師,Azumarill,920,5
521位,,霊術師,ぬこのきもち,920,5
522位,,霊術師,パッチエース,920,5
523位,,霊術師,つむぎゅん,920,5
524位,,霊術師,九夜☆黒曜,920,5
525位,,霊術師,RedHunter,920,5
526位,,霊術師,愛_篠崎,920,5
527位,,霊術師,juria♪,920,5
528位,,霊術師,☆Ichigo,920,5
529位,,霊術師,pp_M,920,4
530位,,霊術師,KING　TIMER,920,4
531位,,闘士,わんこ＋♪♪,920,3
532位,,霊術師,デブ６,920,0
533位,,霊術師,RSMSP,920,0
534位,,霊術師,Xeoｎ,920,0
535位,,霊術師,漆霊,920,0
536位,,闘士,ヴェーネ,919,5
537位,,闘士,エリアーゼ,919,5
538位,,霊術師,RolyMacuery,919,5
539位,,霊術師,Marry☆彡,919,5
540位,,霊術師,†摩利支天†,919,5
541位,,霊術師,ユードルフ,919,5
542位,,霊術師,jannkenn,919,4
543位,,霊術師,小松姫,919,4
544位,,霊術師,blackwing6,919,3
545位,,霊術師,火葬屋´´,919,2
546位,,霊術師,ルルリット,919,0
547位,,霊術師,チャージャー,919,0
548位,,霊術師,卍たけのこの里卍,919,0
549位,,闘士,F97ｰX0,918,5
550位,,闘士,ﾄｩｼｨ・。・,918,5
551位,,霊術師,ふゆっふゆっ,918,5
552位,,霊術師,hgg0iklfdsqpdwqd,918,5
553位,,霊術師,おたぬ姫,918,5
554位,,霊術師,グッフェン,918,5
555位,,霊術師,とんこつ醤油味,918,5
556位,,霊術師,露天麻衣夜,918,5
557位,,霊術師,ヤシガニ王女,918,5
558位,,霊術師,jede☆tail,918,5
559位,,霊術師,紅月・リン,918,3
560位,,闘士,赤爪,918,1
561位,,霊術師,鴻鴻,918,0
562位,,霊術師,モナブルー,918,0
563位,,霊術師,卍きのこの山卍,918,0
564位,,闘士,☆Elsamaria☆,917,5
565位,,闘士,θほたるθ,917,5
566位,,闘士,followers,917,5
567位,,霊術師,全肯定彼女,917,5
568位,,霊術師,きしもん,917,5
569位,,霊術師,黒百合シェータ,917,5
570位,,霊術師,くじらいか,917,5
571位,,霊術師,りず嬢,917,5
572位,,霊術師,vell。,917,5
573位,,霊術師,チョコラ☆BB,917,5
574位,,霊術師,カーマ☆ミ,917,5
575位,,霊術師,オネースァン,917,5
576位,,霊術師,ﾋﾞｶﾞﾌﾟｰﾙの奇跡,917,5
577位,,霊術師,リナ太郎,917,4
578位,,闘士,ゆちたん,917,3
579位,,闘士,メガンテリオン,917,0
580位,,霊術師,やぽまる。,917,0
581位,,闘士,龜毛先生,916,5
582位,,闘士,T日向さん,916,5
583位,,闘士,ぷぷびでゅ,916,5
584位,,霊術師,grht3,916,5
585位,,霊術師,胴切り担当大臣,916,5
586位,,霊術師,蔵の師魂,916,5
587位,,霊術師,☆鎌月☆,916,5
588位,,霊術師,セロりん☆彡,916,5
589位,,霊術師,雨宮琴音DX,916,5
590位,,霊術師,マイクロビキニ,916,5
591位,,霊術師,京ちゃん２号,916,5
592位,,霊術師,四天王で最弱,916,5
593位,,闘士,竜國,916,4
594位,,霊術師,やどや霊,916,4
595位,,霊術師,ぷーと,916,4
596位,,闘士,RAMUNE☆,916,1
597位,,霊術師,秋葵,916,0
598位,,霊術師,秋送葬華,916,0
599位,,霊術師,華やん,916,0
600位,,闘士,桃涼,915,5
601位,,闘士,KEI☆ﾐ,915,5
602位,,闘士,まさたろん,915,5
603位,,闘士,Chihyu,915,5
604位,,霊術師,朝日姫,915,5
605位,,霊術師,ｃｃヒカリ,915,5
606位,,霊術師,のよ♪,915,5
607位,,霊術師,arenos,915,5
608位,,霊術師,ねぎ☆ぬき,915,5
609位,,霊術師,氷舞,915,5
610位,,霊術師,Achelous,915,5
611位,,霊術師,Finisher,915,5
612位,,闘士,黄橙魔,915,4
613位,,闘士,初級,915,4
614位,,闘士,稲薙,915,4
615位,,霊術師,かにカマ,915,4
616位,,霊術師,ジャーメイン,915,3
617位,,霊術師,えとわる仔,915,2
618位,,闘士,culω,915,1
619位,,闘士,ぜんふぁい,915,1
620位,,霊術師,ねじれるとき,915,1
621位,,闘士,不知火あざみ,915,0
622位,,霊術師,ナナフィア,915,0
623位,,霊術師,しかもあ,915,0
624位,,霊術師,☆カマイタチ,915,0
625位,,闘士,宗谷ましろ,914,5
626位,,霊術師,☆syachi,914,5
627位,,霊術師,風でパンチラ狙い,914,5
628位,,霊術師,お霊さん,914,5
629位,,霊術師,PP34,914,5
630位,,霊術師,ミューアξ,914,5
631位,,霊術師,ジェーン・スー,914,5
632位,,霊術師,めだか丸,914,5
633位,,霊術師,ぺトルン・カムイ,914,5
634位,,霊術師,〓yuzu〓,914,5
635位,,霊術師,GO†FIGHT†WIN,914,5
636位,,霊術師,HeartDrop,914,4
637位,,霊術師,ご奉仕したい♪,914,4
638位,,霊術師,純白鎌士,914,4
639位,,霊術師,そらぽん,914,4
640位,,霊術師,イナリン,914,4
641位,,霊術師,飛美香,914,3
642位,,霊術師,止まるっじお,914,3
643位,,闘士,kiyosi4,914,1
644位,,霊術師,さむ・える,914,1
645位,,闘士,ドゥ・カイン,914,0
646位,,霊術師,HomingSystem,914,0
647位,,闘士,こーしー乳牛02,913,5
648位,,闘士,yami¢,913,5
649位,,闘士,泉水ちゃん,913,5
650位,,霊術師,ななみりおん,913,5
651位,,霊術師,ふう琳,913,5
652位,,霊術師,豚肉戦士タマゴ,913,5
653位,,霊術師,VGVGVGVGV,913,5
654位,,霊術師,ウッズメ,913,5
655位,,霊術師,マルリア,913,5
656位,,霊術師,ゆみにゃ,913,5
657位,,霊術師,フルカラン,913,5
658位,,霊術師,コウノレイ,913,5
659位,,霊術師,Loveriel,913,5
660位,,霊術師,ﾊﾟﾙﾑﾊﾋﾟﾈｽ,913,5
661位,,霊術師,ミレイユたん,913,4
662位,,闘士,ぶりー♪♪,913,3
663位,,闘士,乱れひっかき,913,0
664位,,霊術師,あゆみん♪,913,0
665位,,闘士,スイートリベンジ,912,5
666位,,闘士,STARLUNA,912,5
667位,,闘士,アビア,912,5
668位,,霊術師,ぽちねこＧＦ,912,5
669位,,霊術師,夜来香,912,5
670位,,霊術師,ReyMaru,912,5
671位,,霊術師,真武虎薙,912,5
672位,,霊術師,LairCrisiss,912,5
673位,,霊術師,キララ綺羅,912,5
674位,,霊術師,葱塩きゃらめる,912,5
675位,,霊術師,゛アルベド,912,5
676位,,霊術師,ぴぴれ,912,5
677位,,霊術師,夕稀,912,5
678位,,闘士,SerasVictoria☆,912,4
679位,,闘士,△夢花火△,912,4
680位,,霊術師,GTロゥリィ,912,4
681位,,霊術師,ﾛｰﾗﾝ,912,4
682位,,闘士,稲刈,912,3
683位,,闘士,宇留千絵,912,1
684位,,霊術師,ｼﾞｪﾝﾄﾞ・ﾗﾄﾞｳ,912,0
685位,,霊術師,かまちゃ,912,0
686位,,霊術師,〜あんず〜,912,0
687位,,闘士,〆καογυ〆,911,5
688位,,闘士,とーーーーし,911,5
689位,,闘士,焔霞ヨミ,911,5
690位,,闘士,ＮＨΞ,911,5
691位,,闘士,ｱﾌﾞﾄﾞｰﾗｻﾞﾃﾞﾌﾞｯﾁｬ,911,5
692位,,霊術師,ベレット8,911,5
693位,,霊術師,斬И,911,5
694位,,霊術師,жそんなことをж,911,5
695位,,霊術師,金兼,911,5
696位,,霊術師,ソープの女,911,5
697位,,霊術師,ヨセフカ,911,5
698位,,霊術師,オカマの鎌足,911,5
699位,,霊術師,闘たぬき闘,911,5
700位,,霊術師,CREWKERZ,911,5
701位,,霊術師,ＶＯＩＤ−,911,5
702位,,霊術師,むき＊,911,5
703位,,霊術師,きんかく。,911,5
704位,,霊術師,エンドロシ,911,5
705位,,霊術師,紫式部・改,911,5
706位,,霊術師,ノエビア,911,5
707位,,闘士,爪磨きマン,911,4
708位,,霊術師,アダ・ラナ,911,4
709位,,霊術師,槐子ちゃん,911,4
710位,,霊術師,モリゾーとくっ殺,911,3
711位,,霊術師,Archeologist,911,3
712位,,霊術師,小袖_B,911,2
713位,,霊術師,ceepy,911,2
714位,,霊術師,bashar10綾,911,2
715位,,闘士,猫の惑星,911,1
716位,,霊術師,みんな朋友,911,0
717位,,闘士,うさぽんぽこ,910,5
718位,,闘士,Megathis,910,5
719位,,闘士,美月。,910,5
720位,,闘士,ﾌﾗｯﾃﾘｰ・ﾏﾏ,910,5
721位,,霊術師,燃える瞳のメル,910,5
722位,,霊術師,Suta☆Dust,910,5
723位,,霊術師,霊燦,910,5
724位,,霊術師,1986年のマリリン,910,5
725位,,霊術師,くなー,910,5
726位,,霊術師,タイドグラフ,910,5
727位,,霊術師,バルトラ,910,5
728位,,霊術師,MovingOBject,910,5
729位,,霊術師,キムレイ２,910,5
730位,,霊術師,渚の女神様,910,5
731位,,霊術師,朱乱桜,910,4
732位,,霊術師,小梅サワー,910,4
733位,,霊術師,メイキル,910,4
734位,,霊術師,焼き丸,910,4
735位,,霊術師,まるぽい,910,3
736位,,闘士,鏡の音リン,910,0
737位,,霊術師,鎌が重いです,910,0
738位,,霊術師,甄姫．,910,0
739位,,霊術師,〜ラム〜,910,0
740位,,闘士,XP4P,909,5
741位,,闘士,闘士トト,909,5
742位,,霊術師,ほうき雲,909,5
743位,,霊術師,Change_of_Life,909,5
744位,,霊術師,にゃん獣人,909,5
745位,,霊術師,ﾒﾘｯｻ･ﾚﾓﾝﾊﾞｰﾑ,909,5
746位,,霊術師,ＲＡＹＯＮ,909,5
747位,,霊術師,トレビアン3,909,5
748位,,霊術師,§肛門亭そよ風§,909,5
749位,,霊術師,でかたろう,909,5
750位,,霊術師,Euphemia,909,5
751位,,霊術師,マリーザ・ネット,909,5
752位,,闘士,§ＥＶＥ§,909,4
753位,,霊術師,ラ・モール,909,4
754位,,霊術師,《一華》,909,4
755位,,霊術師,Elleair☆ミ,909,4
756位,,霊術師,bamowl,909,3
757位,,霊術師,闇リオン闇,909,2
758位,,闘士,ＮＯＺＯ♪,909,0
759位,,霊術師,niwasino,909,0
760位,,霊術師,ヨグ,909,0
761位,,霊術師,すすきのエディ,909,0
762位,,闘士,腐愚田紗懺ゑ,908,5
763位,,闘士,チンゲンサイ１,908,5
764位,,霊術師,☆�IAlice�I☆,908,5
765位,,霊術師,zohwkqnrk,908,5
766位,,霊術師,黒教会のフリーデ,908,5
767位,,霊術師,JackLee,908,5
768位,,霊術師,九條都,908,5
769位,,霊術師,ジュキッド,908,5
770位,,霊術師,Ｃhloe,908,5
771位,,霊術師,ほんまでっか？,908,5
772位,,霊術師,レジ担当UM,908,5
773位,,霊術師,S1Nδ,908,5
774位,,霊術師,Prototype霊,908,5
775位,,霊術師,ﾒﾃｵﾊｰﾂ,908,5
776位,,闘士,karalark,908,4
777位,,闘士,ルビーダイス,908,4
778位,,霊術師,ひとりきり〜,908,4
779位,,霊術師,ぽころこ,908,4
780位,,霊術師,いぼゴースト,908,4
781位,,霊術師,οマキナο,908,4
782位,,霊術師,ぽっぽちゃん,908,3
783位,,霊術師,One_more_chance,908,3
784位,,霊術師,もげれい,908,2
785位,,霊術師,めんみ,908,0
786位,,霊術師,リサブルー,908,0
787位,,霊術師,リリア。（姉）,908,0
788位,,闘士,楓の詩,907,5
789位,,霊術師,ベレット7,907,5
790位,,霊術師,R日向さん,907,5
791位,,霊術師,ボッスーーーン,907,5
792位,,霊術師,魔乳カリナ,907,5
793位,,霊術師,ShootingStars,907,5
794位,,霊術師,絶唱しない,907,5
795位,,霊術師,鳳乃華,907,5
796位,,霊術師,あてんつ,907,5
797位,,霊術師,Paprikan,907,5
798位,,霊術師,ラピスラズリ☆,907,5
799位,,霊術師,３．１４１５９２,907,5
800位,,闘士,メグミルク,907,4
801位,,霊術師,ディオニシア,907,4
802位,,霊術師,マグロのカマ,907,4
803位,,霊術師,＋ちゅ〜る＋,907,4
804位,,霊術師,れいじゅつチャン,907,4
805位,,霊術師,☆kiko,907,4
806位,,霊術師,ちょっかな？,907,4
807位,,霊術師,メロンジュース,907,3
808位,,霊術師,ミクマル,907,3
809位,,霊術師,絶対霊域,907,3
810位,,霊術師,0術子,907,3
811位,,霊術師,阿波連れいな,907,3
812位,,霊術師,あんり。,907,3
813位,,霊術師,νRaphaelν,907,3
814位,,霊術師,∫Rapunzel∫,907,3
815位,,闘士,ｴﾘﾏｷﾄｶｹﾞ,907,2
816位,,霊術師,ミス古都,907,2
817位,,霊術師,MAIMU♪,907,2
818位,,霊術師,ライシーン,907,1
819位,,闘士,湖影−Koei−,907,0
820位,,霊術師,ルリティス,907,0
821位,,闘士,tyuxi,906,5
822位,,闘士,Mathers,906,5
823位,,闘士,マレフィセント様,906,5
824位,,闘士,チンゲンサイ２,906,5
825位,,闘士,たーみねーちャん,906,5
826位,,霊術師,nana氏,906,5
827位,,霊術師,ｼﾞｪｰﾝ・ﾄﾞｩ,906,5
828位,,霊術師,Ｍｅｒｃｕｔｉｏ,906,5
829位,,霊術師,フィオーリ,906,5
830位,,霊術師,☆アルフェリア☆,906,5
831位,,霊術師,ばろーん,906,5
832位,,霊術師,shinにゃん,906,5
833位,,霊術師,ルチアーナ,906,5
834位,,霊術師,ヴェロア,906,5
835位,,霊術師,わくわく,906,5
836位,,霊術師,うさまるスパイ,906,5
837位,,霊術師,Origine,906,5
838位,,霊術師,ψるんβψ,906,4
839位,,霊術師,セクシー担当大臣,906,4
840位,,霊術師,CHUMS☆,906,4
841位,,霊術師,MythMei,906,3
842位,,霊術師,多摩ホーム,906,3
843位,,霊術師,ゆちん,906,3
844位,,闘士,bsk妹子,906,1
845位,,闘士,К紅К,906,1
846位,,闘士,ユノ・ルギナ,906,0
847位,,霊術師,サイズスピリット,906,0
848位,,霊術師,LemonHart,906,0
849位,,霊術師,ボディラクシャ,906,0
850位,,霊術師,筋衛門,906,0
851位,,闘士,トゥーヴァ,905,5
852位,,闘士,恋のﾌﾙｽｳｨﾝｸﾞ☆,905,5
853位,,闘士,血統者,905,5
854位,,闘士,杜鵑草,905,5
855位,,闘士,＊_Erina_Arai_＊,905,5
856位,,霊術師,☆パパーン☆,905,5
857位,,霊術師,Granovskaia,905,5
858位,,霊術師,めねあ。,905,5
859位,,霊術師,ｱﾌﾘｶｵｵｺﾉﾊｽﾞｸ,905,5
860位,,霊術師,鬼伐,905,5
861位,,霊術師,ﾌｧﾚｸﾞ=ｱｲｳﾞｽﾞ�],905,5
862位,,霊術師,PIYORIHIME,905,5
863位,,霊術師,鎌鎌鎌,905,5
864位,,霊術師,Rosiere,905,5
865位,,霊術師,☆雪見太福☆,905,5
866位,,霊術師,ηаη♪,905,5
867位,,霊術師,ЖCELICAЖ,905,5
868位,,霊術師,金鯖しぐしぐ,905,5
869位,,霊術師,まぁまる,905,5
870位,,霊術師,MokeyMokey,905,5
871位,,闘士,0kama,905,4
872位,,闘士,永遠のナギ,905,4
873位,,霊術師,ボイセンベル,905,4
874位,,霊術師,ﾓｸﾞﾓｸﾞちゃん,905,4
875位,,霊術師,おき太,905,4
876位,,霊術師,ルナの魂鮮度大事,905,4
877位,,霊術師,ﾃｨﾓﾅ･ｱﾙｾｲﾃﾞｽ,905,4
878位,,霊術師,首狩りシリチ,905,4
879位,,霊術師,ランちゃん。,905,4
880位,,霊術師,れーじゅつC,905,1
881位,,闘士,ハチワレ,905,0
882位,,闘士,八闘士ん,905,0
883位,,霊術師,残波蘭丸,905,0
884位,,霊術師,ｹｲone,905,0
885位,,闘士,ｿﾞﾙﾃﾞｨｯｸ家見習い,904,5
886位,,霊術師,はな黒々,904,5
887位,,霊術師,徳井佳真,904,5
888位,,霊術師,ダーキン,904,5
889位,,霊術師,心猿意馬,904,5
890位,,霊術師,Nam1K,904,5
891位,,霊術師,戦功,904,5
892位,,霊術師,酢牡蠣,904,5
893位,,霊術師,HAWww,904,5
894位,,霊術師,まぉω,904,5
895位,,霊術師,しりとる,904,5
896位,,霊術師,§Ｚ,904,5
897位,,霊術師,yugo_seven,904,5
898位,,霊術師,八漆,904,5
899位,,霊術師,香坂_しぐれ,904,5
900位,,霊術師,I，Scream,904,5
901位,,霊術師,花彩,904,5
902位,,霊術師,ユーフィス,904,4
903位,,霊術師,狩ﾘ暮ﾗｼのｱﾘｴｯﾃｨ,904,4
904位,,霊術師,GaGa☆,904,4
905位,,霊術師,ﾌﾞﾗｯｸﾄﾚﾋﾞｱﾝ,904,4
906位,,霊術師,草刈りだけどね,904,4
907位,,霊術師,【α】,904,4
908位,,霊術師,★小夜★,904,4
909位,,霊術師,йあぃすй,904,4
910位,,闘士,まっこりさん,904,3
911位,,霊術師,ニャル様,904,3
912位,,霊術師,鎌パイセン,904,3
913位,,霊術師,桃色のダイソン,904,2
914位,,霊術師,獅子柚子,904,2
915位,,霊術師,嵐子ちゃん,904,2
916位,,霊術師,aｉleen,904,1
917位,,霊術師,煌22,904,1
918位,,闘士,◇スクランプ◇,904,0
919位,,闘士,ぱっぱらー呂杜,904,0
920位,,闘士,＃月＋姫＃,904,0
921位,,霊術師,∫ベルセブブ∫,904,0
922位,,霊術師,月千古輝,904,0
923位,,霊術師,みれる,904,0
924位,,霊術師,Ouse,904,0
925位,,闘士,珍念BOY,903,5
926位,,闘士,あずきのチカラ,903,5
927位,,闘士,GoldSoulBringer,903,5
928位,,霊術師,アオリちゃん,903,5
929位,,霊術師,Uliath,903,5
930位,,霊術師,ここあζ,903,5
931位,,霊術師,ましゅs,903,5
932位,,霊術師,倉庫守くん,903,5
933位,,霊術師,yassuo,903,5
934位,,霊術師,ｱﾘｿﾝ．Ｆ,903,5
935位,,霊術師,鎌振り,903,5
936位,,霊術師,ﾋﾞﾌﾃｷ,903,5
937位,,霊術師,：ありす：,903,5
938位,,霊術師,浮舟椿,903,5
939位,,霊術師,デ・ヘア,903,5
940位,,霊術師,有害みかん,903,5
941位,,霊術師,MoonHunter,903,5
942位,,霊術師,EXCELSIOR†DIVE,903,5
943位,,霊術師,☆劉禅☆,903,5
944位,,霊術師,成歩堂みぬき,903,5
945位,,闘士,漆原静乃,903,4
946位,,霊術師,ψ石幻果ψ,903,4
947位,,霊術師,ﾁﾌﾟ家のﾒｯｼｰ♪,903,4
948位,,霊術師,舟和,903,4
949位,,闘士,もと＠もと霊魔士,903,3
950位,,霊術師,相手スイッチ,903,3
951位,,霊術師,モルたんMK2,903,3
952位,,霊術師,ぱるくん鎌,903,3
953位,,霊術師,すずめ団,903,3
954位,,霊術師,泡01,903,3
955位,,闘士,xx女将xx,903,2
956位,,闘士,ＳＰＦ,903,1
957位,,霊術師,ﾆｯｺﾘ,903,1
958位,,霊術師,リオナ・ウェスタ,903,0
959位,,霊術師,まるぐみ,903,0
960位,,霊術師,西太后,903,0
961位,,霊術師,英章,903,0
962位,,闘士,甘いごほうび,902,5
963位,,闘士,加齢ぱんまん,902,5
964位,,闘士,拳闘士サラちゃん,902,5
965位,,霊術師,清蘭,902,5
966位,,霊術師,りどりぃ♪,902,5
967位,,霊術師,呪われたりぽたん,902,5
968位,,霊術師,月下やみ,902,5
969位,,霊術師,celestial,902,5
970位,,霊術師,霊ﾍﾟｯｿﾝ,902,5
971位,,霊術師,Evoltia,902,5
972位,,霊術師,リヴァイアさん☆,902,5
973位,,霊術師,リスグラシュー,902,5
974位,,霊術師,疾風のバンダナ,902,5
975位,,霊術師,Shakur,902,5
976位,,闘士,ﾛﾝｹﾞのﾈｰﾁｬﾝ,902,4
977位,,闘士,ポニロン,902,4
978位,,霊術師,J_Hillary,902,4
979位,,霊術師,ヨニハ,902,4
980位,,霊術師,あんず3,902,4
981位,,霊術師,ふあたそ,902,4
982位,,霊術師,☆テオドラ☆,902,4
983位,,霊術師,〜ガチャポン〜,902,4
984位,,霊術師,Y＿霊術師,902,4
985位,,霊術師,天地魔闘の構え,902,4
986位,,霊術師,ぽちこのこ♪,902,4
987位,,霊術師,大富豪革命返,902,4
988位,,霊術師,アリシア・ハオン,902,3
989位,,霊術師,七汐,902,3
990位,,霊術師,十番手,902,3
991位,,霊術師,紀伊零,902,3
992位,,霊術師,恋する子犬ちゃん,902,3
993位,,霊術師,五分の魂,902,3
994位,,霊術師,三流ＤＸ,902,3
995位,,霊術師,鬼じゃらし,902,2
996位,,霊術師,たこ坊,902,2
997位,,霊術師,Cordula,902,2
998位,,闘士,魔界幼女セクメト,902,1
999位,,霊術師,カトラリー,902,1
