1位,,シーフ,HIMAMA,1742,5
2位,,シーフ,ＬＡ：ＮＡ,1729,5
3位,,武道家,腰痛の爺,1727,5
4位,,武道家,gingingin,1713,5
5位,,武道家,平岡智世,1705,5
6位,,シーフ,コールドプレイ,1687,5
7位,,武道家,モルディブ。,1666,5
8位,,シーフ,ЖHeliosЖ,1662,5
9位,,シーフ,いっちゃん☆,1587,5
10位,,シーフ,NightBlade,1566,5
11位,,シーフ,びじえむ,1562,5
12位,,シーフ,梅ピーシフ,1560,5
13位,,武道家,れっどしーふ,1540,5
14位,,武道家,神崎・Ｚ・アリア,1537,5
15位,,シーフ,バイオレット666,1519,5
16位,,シーフ,Silverio_Gospel,1509,5
17位,,シーフ,祀符,1495,5
18位,,武道家,もげしふ,1490,5
19位,,武道家,flea♪,1489,5
20位,,シーフ,パラヌス,1487,5
21位,,武道家,運命の死神,1469,5
22位,,シーフ,ふぁらうぇい,1466,5
23位,,武道家,らんれい,1460,5
24位,,シーフ,ﾅﾙｶﾞｸﾙｶﾞ☆,1452,5
25位,,武道家,余韻,1437,5
26位,,武道家,のりっく,1432,5
27位,,武道家,たかぴこ,1431,5
28位,,武道家,Reeku,1421,5
29位,,シーフ,らてぃあす☆,1418,5
30位,,武道家,銀九朗,1415,5
31位,,シーフ,ににお,1415,5
32位,,シーフ,バッジオ,1405,5
33位,,シーフ,shingo100,1401,5
34位,,武道家,セルティック☆,1388,5
35位,,武道家,フィルデナント,1388,5
36位,,武道家,ALTIMA．,1386,5
37位,,武道家,義武,1384,5
38位,,武道家,πBLACK,1375,5
39位,,シーフ,うまかっちゃん,1375,5
40位,,武道家,ﾖｰﾝ・ﾊﾞｲﾝﾂｪﾙ,1370,5
41位,,シーフ,ｻﾙｱ・ｿﾘｭｰド,1363,5
42位,,武道家,美柑姫,1343,5
43位,,シーフ,xこうちゃんx,1339,5
44位,,武道家,DAZAI佑,1335,5
45位,,武道家,コーヒー乳牛,1332,5
46位,,シーフ,newkoara,1331,5
47位,,シーフ,乾いた味噌汁,1325,5
48位,,武道家,ヤシャマルJr,1317,5
49位,,シーフ,ゴアメタル,1316,5
50位,,シーフ,ミラクルラスター,1315,5
51位,,シーフ,いみそ～れ,1310,5
52位,,シーフ,☆魚京☆,1306,5
53位,,武道家,流刻,1304,5
54位,,シーフ,0zero,1304,5
55位,,シーフ,史上最悪の盗賊,1301,5
56位,,シーフ,機動破壊,1300,5
57位,,武道家,サイレントブーツ,1294,5
58位,,武道家,金竜☆,1292,5
59位,,武道家,須魅斗,1290,5
60位,,シーフ,siriusu☆,1289,5
61位,,シーフ,どぽ,1285,5
62位,,武道家,yuugo♪,1284,5
63位,,シーフ,ハルポン５,1281,5
64位,,シーフ,こおｒ,1270,5
65位,,武道家,マヨっシーX２,1269,5
66位,,武道家,神拳龍,1268,5
67位,,武道家,ゆもよ,1263,5
68位,,シーフ,Kitchengang,1263,5
69位,,武道家,ｓｋサン,1262,5
70位,,シーフ,はるかちゃ～ん,1262,5
71位,,武道家,Jack・Steal,1259,5
72位,,シーフ,Leo_☆,1259,5
73位,,武道家,∬保湿ペーパー∬,1257,5
74位,,武道家,ｲｽﾗﾌｪﾙ,1256,5
75位,,武道家,ﾉﾗﾐｬｵｼｰﾌ,1256,5
76位,,シーフ,ちびのっぽ,1256,5
77位,,武道家,〓ガラ〓,1255,5
78位,,武道家,水兎子竜,1254,5
79位,,武道家,＄貧ちゃん紙さま,1254,5
80位,,武道家,夕波千鳥,1253,5
81位,,武道家,ゼノサイレント,1251,5
82位,,武道家,エミーラ,1251,5
83位,,武道家,当麻宗三郎,1251,5
84位,,シーフ,☆龍児☆,1251,5
85位,,シーフ,TOUGH＿BOY,1251,5
86位,,武道家,殴るんです,1250,5
87位,,シーフ,風_wind,1249,3
88位,,シーフ,いいとも♪,1244,5
89位,,武道家,鳶梟,1243,5
90位,,シーフ,neko殺除菌♪,1234,5
91位,,武道家,り～む,1223,3
92位,,シーフ,バルザス,1222,5
93位,,武道家,Ｌouis,1217,5
94位,,シーフ,†青い彗星†,1215,5
95位,,武道家,晴９０１,1210,5
96位,,シーフ,スターダストン,1209,5
97位,,武道家,InfiniteLoop,1208,5
98位,,シーフ,Blurry_Eyes,1208,5
99位,,武道家,カイト・J,1207,5
100位,,シーフ,§AVENGER§,1205,5
101位,,武道家,hidezairu6,1201,5
102位,,武道家,ﾎﾞｯｸｽ,1197,5
103位,,武道家,「ミギー」,1197,5
104位,,武道家,魔界幼女りりぃ,1194,5
105位,,シーフ,Attacks,1194,5
106位,,武道家,soraris012,1186,5
107位,,武道家,ＭＺＸ,1184,5
108位,,武道家,エメティア,1184,5
109位,,武道家,長靴を吐いた猫,1179,5
110位,,シーフ,どんちゃん,1179,5
111位,,武道家,アーチボルト☆,1176,5
112位,,武道家,良影,1172,5
113位,,武道家,鍵専用,1171,5
114位,,シーフ,無月散水,1169,5
115位,,シーフ,ことさか,1169,5
116位,,シーフ,yosikatu,1162,5
117位,,シーフ,でゅらんだる,1162,5
118位,,武道家,One__more__time,1160,5
119位,,シーフ,ジィド,1159,5
120位,,武道家,ユースケ！,1158,5
121位,,武道家,銀カプ,1156,5
122位,,武道家,avextrax,1153,5
123位,,武道家,ちこちく,1150,5
124位,,武道家,沼っち,1150,5
125位,,シーフ,天猿♪,1150,5
126位,,シーフ,makomiko,1150,5
127位,,シーフ,まさたん。,1150,5
128位,,武道家,牛丼大ﾀﾞﾌﾞﾙﾆﾝﾆｸ,1150,3
129位,,武道家,秋の味覚きのこ,1149,5
130位,,武道家,ｽﾅﾌｷﾝ,1147,5
131位,,武道家,グリーンシャドウ,1142,5
132位,,武道家,アワータイム,1142,5
133位,,シーフ,すぺっち,1141,5
134位,,シーフ,Mind_Mind,1137,5
135位,,武道家,Neoeonz,1135,5
136位,,武道家,お金回収係,1134,5
137位,,武道家,コザクラインコ,1130,5
138位,,武道家,弥采,1129,5
139位,,シーフ,あるといーな,1129,5
140位,,シーフ,ダイワ☆,1125,5
141位,,シーフ,へロー,1124,5
142位,,武道家,ルイン（不撓,1122,5
143位,,シーフ,keisuk,1122,5
144位,,武道家,えんDE,1121,5
145位,,武道家,後継者！,1119,5
146位,,武道家,ﾏﾝﾁｪｽﾀｰ,1119,5
147位,,シーフ,紅の歌,1119,5
148位,,武道家,扉で軟禁＞＜,1113,5
149位,,武道家,k_ten,1112,5
150位,,シーフ,黄金甘栗,1112,5
151位,,武道家,牡カマレロ,1112,3
152位,,シーフ,ピコR,1111,5
153位,,武道家,YF－19,1110,5
154位,,シーフ,シーフ8,1109,5
155位,,武道家,狸おやじ,1108,5
156位,,武道家,弦之介さま～,1107,5
157位,,武道家,ジルクシスト,1107,5
158位,,武道家,ⅹBlackｴﾝﾍﾟﾗｰⅹ,1107,5
159位,,武道家,武留守,1106,5
160位,,シーフ,ﾁｮｯﾄHなｵﾆｲｻﾝ,1104,5
161位,,シーフ,ルパンⅤ世,1102,0
162位,,武道家,にゃび再臨,1101,5
163位,,武道家,武道７,1094,5
164位,,武道家,SlashDotDash,1094,5
165位,,武道家,オースティック,1093,5
166位,,シーフ,しんごろ～まるＫ,1093,5
167位,,シーフ,サムナイト,1091,5
168位,,武道家,fukurou扇,1088,5
169位,,武道家,極会,1088,5
170位,,武道家,【極運】ﾜｲﾏｰﾙ,1087,5
171位,,シーフ,ジィゼ,1085,5
172位,,シーフ,KONTONNOUZU,1085,4
173位,,シーフ,盗たぬき♪,1084,5
174位,,武道家,＊cappuccino＊,1081,5
175位,,武道家,bashar3,1080,5
176位,,シーフ,服部梓,1080,5
177位,,シーフ,recyclage,1080,5
178位,,武道家,Ｖanquish,1077,5
179位,,武道家,かわうそくん。,1077,5
180位,,シーフ,みにシーフード,1076,5
181位,,武道家,麻衣ちゃん♪,1071,5
182位,,武道家,キツネ炎,1071,5
183位,,シーフ,ふぁい☆ぽい。,1066,5
184位,,武道家,とらんぷますたー,1065,5
185位,,シーフ,暗躍ゴマ,1065,5
186位,,武道家,南無八幡の佐治,1062,5
187位,,武道家,シャロー,1062,5
188位,,武道家,☆柊吉☆,1062,5
189位,,武道家,ﾊﾘﾈｽﾞﾐのｼﾞﾚﾝﾏ,1062,5
190位,,シーフ,おきて,1062,5
191位,,シーフ,みに虎,1062,5
192位,,武道家,おみそくん4th,1061,5
193位,,シーフ,ホリチャン,1061,5
194位,,シーフ,みに獅子虎,1061,5
195位,,シーフ,天晴れ,1055,5
196位,,シーフ,HYBRID改,1055,5
197位,,武道家,ｸﾞﾗｯﾌﾟﾗｰ,1054,5
198位,,武道家,flag,1053,5
199位,,武道家,senaさん,1052,5
200位,,シーフ,たーぬーいーつ,1051,5
201位,,武道家,☆ヒヨコ☆,1049,5
202位,,武道家,じゃがいも教頭,1049,5
203位,,武道家,sprit,1048,5
204位,,武道家,オーレオール,1046,5
205位,,シーフ,雷峰,1046,5
206位,,武道家,サスディン,1045,5
207位,,武道家,箱道楽,1045,5
208位,,武道家,ジョニーパワーズ,1044,5
209位,,武道家,ルルペルージュ,1041,5
210位,,シーフ,エルスト,1040,5
211位,,シーフ,ファーブ,1040,5
212位,,シーフ,プラナリア2世,1039,5
213位,,武道家,ﾒﾗﾝｺﾘｰ,1038,5
214位,,武道家,マトール,1035,5
215位,,シーフ,SPECTRUM,1035,5
216位,,シーフ,鉄山,1035,5
217位,,武道家,subuta,1034,5
218位,,シーフ,狩る者２号,1034,5
219位,,シーフ,みにしーふ,1034,5
220位,,武道家,プラチナエンドリ,1033,5
221位,,シーフ,☆reiki☆,1033,5
222位,,シーフ,アナザー1,1033,5
223位,,武道家,シフ武チカ,1032,5
224位,,武道家,シガルダ,1032,5
225位,,武道家,黒鍬衆,1031,5
226位,,シーフ,カサハマジック,1031,5
227位,,シーフ,こちトラッパー,1031,5
228位,,武道家,にゃんシー武,1030,5
229位,,武道家,アリス666,1030,5
230位,,シーフ,シロロン,1030,5
231位,,シーフ,†ブリタニア†,1029,5
232位,,武道家,チャツト静香,1028,5
233位,,武道家,シーロン_VerⅠ,1028,5
234位,,武道家,Shamal_Ultra,1027,5
235位,,武道家,拳ティ,1027,5
236位,,武道家,∬く～ちゃん∬,1026,5
237位,,シーフ,疾風☆kay,1026,5
238位,,シーフ,望夢,1026,5
239位,,シーフ,我神,1025,5
240位,,シーフ,☆sheen,1025,5
241位,,武道家,ｵﾙｶﾘｵﾝ・ﾊﾘｽ,1024,5
242位,,武道家,鬼魂武,1024,5
243位,,シーフ,ブルーマンジェロ,1024,3
244位,,武道家,ロザリーナ,1023,5
245位,,武道家,ザガ・エスティー,1023,5
246位,,シーフ,地獄の輝きのネル,1023,5
247位,,武道家,nyaorin_gorira,1021,5
248位,,シーフ,怪少佐,1021,5
249位,,武道家,プリュイ,1020,5
250位,,武道家,Haikui,1020,5
251位,,武道家,ねこそぎω,1020,5
252位,,武道家,コルベニクξ,1020,5
253位,,シーフ,とらんぷ,1020,2
254位,,武道家,孤嶺：Darkmirag,1018,5
255位,,シーフ,やる気ないネズミ,1018,5
256位,,武道家,ムサシ。,1018,4
257位,,武道家,オロチの傍太,1017,5
258位,,武道家,水おめ＾＾,1017,5
259位,,武道家,デリケート,1017,5
260位,,武道家,カカオ・レ,1016,5
261位,,武道家,kenshy,1015,5
262位,,武道家,東京三太,1014,5
263位,,武道家,黑鴉,1013,5
264位,,武道家,東京03,1012,5
265位,,シーフ,rupin4世,1012,5
266位,,武道家,mireru,1010,5
267位,,シーフ,種蒔く人,1010,5
268位,,武道家,ﾏｷｼﾏﾑ･ﾊﾙﾄﾌｫﾗｽ,1006,5
269位,,武道家,藤虎。,1006,3
270位,,武道家,タオタイラー,1005,5
271位,,武道家,doctorate,1005,5
272位,,武道家,刃竜☆,1004,5
273位,,武道家,ﾃﾚﾋﾞ,1004,5
274位,,武道家,堀久太郎,1003,5
275位,,武道家,瀞藍,1003,5
276位,,武道家,ｱｼﾞｻｲ,1003,5
277位,,シーフ,acquaitance,1003,5
278位,,シーフ,ｱﾚﾝﾋﾞｰ･ﾋﾞｱｽﾞﾘｰ,1003,4
279位,,武道家,2代目エース,1002,5
280位,,シーフ,こふさん,1002,5
281位,,武道家,暗く淀むつよみん,1001,5
282位,,武道家,ﾚｲｰﾙ・A・ﾗﾅﾃﾞｨﾝ,1001,5
283位,,武道家,元祖柚子雛,1001,5
284位,,武道家,GO☆FIGHT☆WIN,1001,5
285位,,シーフ,響霞,1001,5
286位,,武道家,鷂子穿林,1000,5
287位,,武道家,martial_arts,1000,5
288位,,シーフ,まこいち,1000,5
289位,,シーフ,xx黒木華xx,1000,5
290位,,シーフ,セラリア☆彡,1000,5
291位,,シーフ,しげしふ,1000,5
292位,,シーフ,ギヴン,1000,5
293位,,シーフ,２本毛の●●●,999,5
294位,,シーフ,○けんちゃん○,999,5
295位,,武道家,§ククルっ子§,998,5
296位,,武道家,☆おたつ☆,998,5
297位,,武道家,必殺拳蹴,997,5
298位,,シーフ,∃ンス,997,5
299位,,武道家,хこうちゃんх,996,5
300位,,シーフ,迷子の盗人,996,5
301位,,シーフ,さめ次郎,996,5
302位,,武道家,虹色の光,995,5
303位,,武道家,セイリンパパ,995,5
304位,,武道家,金剛波羅蜜,994,5
305位,,武道家,緒方拳,994,5
306位,,武道家,OPTION－RED,993,5
307位,,武道家,大怪盗ｱﾙｾｰﾇ,993,5
308位,,シーフ,すももおじさん,993,5
309位,,シーフ,☆おしふ☆,993,5
310位,,武道家,ジーク・ハル,992,5
311位,,武道家,＞Jason＜,991,5
312位,,シーフ,みさしーふ,991,5
313位,,シーフ,鯰のドン,991,5
314位,,武道家,もっとマダ男,990,5
315位,,シーフ,＋りふ＋,990,5
316位,,シーフ,ペテン師ロック,990,5
317位,,シーフ,evisuman,990,5
318位,,武道家,お察し下さい♪,989,5
319位,,武道家,【公式】佐々木希,989,5
320位,,武道家,爆裂ネリチャギJr,989,5
321位,,武道家,倭_3,988,5
322位,,シーフ,Mr_ポポ,988,5
323位,,シーフ,パンダさま,988,5
324位,,シーフ,水道水,988,5
325位,,武道家,ﾀﾞｰﾃｨｰﾌｪｲｽ,988,3
326位,,武道家,ﾉﾚパン3世,987,5
327位,,シーフ,おしゃれナイフ,987,5
328位,,武道家,蛸丸,985,5
329位,,シーフ,木毎,985,5
330位,,シーフ,†服部半蔵†,985,3
331位,,武道家,ひょう助,985,0
332位,,武道家,足の裏手の平助,984,5
333位,,武道家,ζЯёЙζ,983,5
334位,,武道家,かわいいひよこ,983,5
335位,,シーフ,☆盗人☆,983,5
336位,,シーフ,Grape。,983,4
337位,,武道家,しーふ君,981,5
338位,,武道家,ディッパーダン,981,5
339位,,武道家,サスペインダー,980,5
340位,,武道家,北斗の男,980,5
341位,,シーフ,Zhaban,980,5
342位,,武道家,にんにん,979,5
343位,,武道家,甜々,979,5
344位,,シーフ,雑巾侍,979,5
345位,,シーフ,一握の砂。,979,5
346位,,武道家,deckard,977,5
347位,,シーフ,武盗家,977,5
348位,,シーフ,銅狸国勝,976,5
349位,,武道家,カイレス,975,5
350位,,シーフ,ディ・モールト,975,5
351位,,武道家,カツナ・アルマル,974,5
352位,,武道家,攻神,974,5
353位,,武道家,§極§,974,5
354位,,武道家,その後の寝太郎,974,5
355位,,武道家,ﾛｯﾋﾟｰ,974,5
356位,,シーフ,のよ星,974,5
357位,,シーフ,sinras,974,5
358位,,武道家,レオサークル,973,5
359位,,武道家,こっぺぺ,973,5
360位,,シーフ,虚心坦懐,973,5
361位,,シーフ,Delphinus。,973,5
362位,,武道家,マルセリーナ,973,3
363位,,武道家,polar☆star,972,5
364位,,シーフ,Ｎ700系,972,5
365位,,シーフ,X劉邦X,972,4
366位,,武道家,黄青蜻蛉,972,2
367位,,武道家,☆ギルガメッシュ,971,5
368位,,武道家,urakin,971,5
369位,,シーフ,暗殺ジョニー,971,5
370位,,武道家,緋い彗星,970,5
371位,,武道家,mimiDA,970,5
372位,,武道家,0wawan,970,5
373位,,シーフ,hariri,970,5
374位,,シーフ,金魔,970,5
375位,,武道家,†回天†,968,5
376位,,武道家,金運上昇,968,5
377位,,武道家,シェムズ,968,5
378位,,シーフ,jin555,968,5
379位,,シーフ,PuddingDaifuku,968,5
380位,,シーフ,Spear＾Rib,968,5
381位,,武道家,ずんどこ。,967,5
382位,,シーフ,Sheraton,967,5
383位,,シーフ,metallath,967,5
384位,,武道家,兵吉,967,4
385位,,武道家,蹴る殴る食べる,966,5
386位,,武道家,あしゅーる,966,5
387位,,シーフ,llll_uno_llll,966,5
388位,,シーフ,スプリガンvr1,966,5
389位,,シーフ,☆ナツ☆彡,966,5
390位,,武道家,Spool,965,5
391位,,武道家,リジュ・□ウ,965,5
392位,,武道家,武道でいいか,965,5
393位,,武道家,キヤラキヤラ,965,5
394位,,武道家,フィミエル,965,5
395位,,シーフ,ReiF1,965,5
396位,,シーフ,RED・RED,965,5
397位,,シーフ,シフ・シフ,965,5
398位,,シーフ,ΨPｓｙcobeaRΨ,965,4
399位,,武道家,振王,964,5
400位,,武道家,yuusuke2,964,5
401位,,武道家,DXまたんき,964,5
402位,,武道家,rakuru,964,5
403位,,武道家,ひろお_,964,5
404位,,シーフ,REDEAGLEONE,964,5
405位,,シーフ,光龍☆ﾐ,964,3
406位,,武道家,kuruppo,963,5
407位,,武道家,mako15,963,5
408位,,武道家,もぃちゃん,963,0
409位,,武道家,金運￥上昇,962,5
410位,,武道家,☆初級☆,962,5
411位,,シーフ,天空の使徒,962,5
412位,,シーフ,らなみか,962,5
413位,,シーフ,まむたそ,962,5
414位,,武道家,nitro_voltage,961,5
415位,,武道家,〆アカツキ〆,960,5
416位,,武道家,鈴井涼太,960,5
417位,,武道家,Windy☆,960,5
418位,,シーフ,Frest,960,5
419位,,シーフ,バルディッシュＡ,960,4
420位,,武道家,ラスブトウ,959,5
421位,,武道家,河童の誘い水,959,5
422位,,武道家,☆しん☆,959,5
423位,,武道家,月夜響蝶,959,5
424位,,シーフ,もなちゃん。,959,5
425位,,シーフ,†spice†,959,5
426位,,武道家,Goldilocks,958,5
427位,,武道家,ｓｌｔ,958,5
428位,,武道家,ディバー∫,958,5
429位,,シーフ,SRIDE9,958,5
430位,,シーフ,REDcifu,958,5
431位,,武道家,ＡＳＡＫＡＴＳＵ,957,5
432位,,武道家,精密ボルト,957,5
433位,,シーフ,【楓葉】,957,5
434位,,シーフ,Ｊ．Ｐ．Ｓ．,957,5
435位,,武道家,いも先生,957,4
436位,,武道家,漸殺,956,5
437位,,武道家,ＫＥＮＳＨＩＮ,956,5
438位,,シーフ,レオン三世,956,5
439位,,武道家,へりおすくん,956,4
440位,,武道家,バク天,956,2
441位,,武道家,ゴールデンガン,955,5
442位,,武道家,Shadow_Slash,955,5
443位,,シーフ,アノニマス,955,5
444位,,シーフ,ARAMIS900,955,5
445位,,武道家,熊本課長,955,2
446位,,シーフ,†千手柱間†,955,0
447位,,武道家,☆ナイフ☆,954,5
448位,,武道家,ファイヤーアル,954,5
449位,,武道家,黒ノ焔,954,5
450位,,武道家,〓syu〓,954,5
451位,,シーフ,魅都姫_刹那,954,5
452位,,シーフ,Zodiac_Sign,954,5
453位,,武道家,いおす,953,5
454位,,武道家,乙女のひよこ,953,5
455位,,武道家,ビリー・インガス,953,5
456位,,武道家,武死堂,953,5
457位,,シーフ,Avant_garde,953,5
458位,,シーフ,GOXAS,953,5
459位,,シーフ,Mercedes‐Benz,953,5
460位,,シーフ,フクロウ怪獣,953,5
461位,,シーフ,キムキム,953,5
462位,,武道家,バックマーカー,953,4
463位,,武道家,SSsato,953,0
464位,,武道家,童夢ゼロ,952,5
465位,,武道家,馬超。。,952,5
466位,,武道家,沖縄時間,952,5
467位,,武道家,たこぽんα,952,5
468位,,シーフ,§ALFRED§,952,5
469位,,シーフ,運次第,952,5
470位,,武道家,ウィーゼル,951,5
471位,,武道家,§オーラっ子§,951,5
472位,,武道家,しゃけころ,951,5
473位,,武道家,ロキ・ラグナロク,951,5
474位,,武道家,●けんちゃん●,951,2
475位,,武道家,ジムナイト,950,5
476位,,武道家,武道より葡萄好き,950,5
477位,,武道家,花夢花夢,950,5
478位,,武道家,㌢たん♪,950,5
479位,,シーフ,☆妖精☆,950,5
480位,,シーフ,§最終兵器§,950,5
481位,,シーフ,urahuzak,950,5
482位,,シーフ,瀬名愛理ちゃん,950,5
483位,,武道家,ﾌﾗｲﾄﾞ,950,3
484位,,武道家,濃い抹茶,949,5
485位,,武道家,☆さぁや☆,949,5
486位,,シーフ,ジョン・クレイ,949,5
487位,,シーフ,みゃーしー,949,5
488位,,シーフ,ｽﾃﾌｧﾝ・ｻﾙﾊﾞﾄｰﾚ,949,5
489位,,シーフ,くらま。,949,5
490位,,シーフ,ダレン００４,949,5
491位,,武道家,CaptainBravo,948,5
492位,,武道家,☆るぱん一世☆,948,5
493位,,武道家,君のﾊｰﾄにあや丸,948,5
494位,,武道家,一枝梅99,948,5
495位,,武道家,ガスラジ,948,5
496位,,シーフ,xxメッシxx,948,5
497位,,シーフ,蒼梅花,948,5
498位,,シーフ,ウァレフォル,948,5
499位,,武道家,蟻立神,947,5
500位,,武道家,ぐにゃあ,947,5
501位,,武道家,栓抜付回転振子蟹,947,5
502位,,武道家,Nick☆,947,5
503位,,シーフ,シャッポｫ,947,5
504位,,シーフ,多罪,947,5
505位,,シーフ,ほうじ茶生チョコ,947,5
506位,,シーフ,soukita,947,5
507位,,武道家,カルシCa＋,947,4
508位,,武道家,ゴリポンポコ,947,3
509位,,シーフ,高坂甚内,947,3
510位,,武道家,ペンネsp,947,2
511位,,武道家,（Tochi）,946,5
512位,,武道家,満万萬饅幡,946,5
513位,,武道家,したことネーゼ,946,5
514位,,武道家,ψGoldGambleψ,946,5
515位,,武道家,アドレーゼ,946,5
516位,,武道家,露店組合,946,5
517位,,シーフ,☆†タク†☆,946,5
518位,,シーフ,男の道２,946,5
519位,,シーフ,ナザーリオ,946,1
520位,,武道家,ライジングルーン,946,0
521位,,武道家,凌統，,945,5
522位,,武道家,不動明王武道,945,5
523位,,武道家,ティッタ,945,5
524位,,武道家,トゥーンEx,945,5
525位,,シーフ,meca,945,4
526位,,武道家,周瑜。,944,5
527位,,武道家,忍野ネネ！,944,5
528位,,武道家,みらふりーど,944,5
529位,,武道家,lissin,944,5
530位,,武道家,ベクシ,944,5
531位,,武道家,ManchesterUnited,944,5
532位,,武道家,hishin,944,5
533位,,武道家,Moisture,944,5
534位,,武道家,エッジス,944,5
535位,,武道家,59fiftynine,944,5
536位,,シーフ,↑tochi↑,944,5
537位,,シーフ,逍遥,944,4
538位,,シーフ,earthshaker,944,1
539位,,武道家,バロドラコ,943,5
540位,,武道家,＄風魔＄,943,5
541位,,武道家,ジャッカラー,943,5
542位,,武道家,ｴｷｻｲﾄｼﾞｬｯｸ,943,5
543位,,武道家,所詮人生、運頼み,943,5
544位,,武道家,なめちょろ,943,5
545位,,武道家,ちよし,943,5
546位,,武道家,CandyXX,943,5
547位,,シーフ,†銀光†,943,5
548位,,シーフ,tansu313,943,5
549位,,シーフ,ぱずどら,943,5
550位,,シーフ,IROTEC,943,5
551位,,武道家,復活の黒拳じじ,943,1
552位,,武道家,大手tiktokr,942,5
553位,,武道家,むちりんご,942,5
554位,,武道家,ψ無知の少年ψ,942,5
555位,,武道家,じぇいほーぷ,942,5
556位,,シーフ,☆マイペンライ☆,942,5
557位,,シーフ,ё軍鶏Ё,942,5
558位,,シーフ,To‐y,942,5
559位,,武道家,Gold_Squirrel,942,4
560位,,武道家,こちとら,941,5
561位,,武道家,ヒトガミ,941,5
562位,,武道家,楓にゃん♪,941,5
563位,,武道家,プロキオンーＡ,941,5
564位,,武道家,ルーウェン,941,5
565位,,シーフ,モスドナルド,941,5
566位,,シーフ,満ディ,941,5
567位,,シーフ,ハードだぜ,941,0
568位,,武道家,なぐっちゃん,940,5
569位,,武道家,孫策．,940,5
570位,,武道家,風車弥七,940,5
571位,,武道家,〃丐〃,940,5
572位,,シーフ,ネモ隊長＠,940,5
573位,,シーフ,ψLuciferπ,940,4
574位,,武道家,フキワリ,939,5
575位,,武道家,魔誇,939,5
576位,,武道家,バグボーンα,939,5
577位,,武道家,αｻｲﾊﾞﾊﾞα,939,5
578位,,武道家,エンドルス,939,5
579位,,シーフ,桃色のオサーン,939,5
580位,,シーフ,波濤,939,5
581位,,シーフ,ｼﾞｮﾝﾏﾝｼﾞﾛｳ,939,5
582位,,シーフ,（´；ω；）,939,5
583位,,武道家,クリーナー,939,4
584位,,シーフ,リル☆セイント,939,4
585位,,武道家,mototarou,939,1
586位,,シーフ,努羅衛門,938,5
587位,,シーフ,さむ・えっじ,938,5
588位,,武道家,桃崇,937,5
589位,,武道家,budou8,937,5
590位,,武道家,☆帝國雷神丸３世,937,5
591位,,シーフ,デブ５,937,5
592位,,シーフ,E_Doll,937,5
593位,,シーフ,ｋ－１,937,5
594位,,武道家,ぜのぷろ,937,4
595位,,武道家,☆ｽﾀｰｴﾝﾌﾞﾚﾑ☆,936,5
596位,,武道家,若い大尉,936,5
597位,,武道家,佐助ゝ,936,5
598位,,武道家,陸奥金剛,936,5
599位,,武道家,ヨッテ,936,5
600位,,武道家,なるやん,936,5
601位,,武道家,ΨたかΨ,936,5
602位,,シーフ,人間だもの,936,5
603位,,シーフ,自称課長,936,5
604位,,武道家,ARROGATE,936,4
605位,,武道家,稲幡,936,2
606位,,武道家,練習用かかしZin,936,2
607位,,武道家,フーマン,935,5
608位,,武道家,富と栄光,935,5
609位,,武道家,ふうま☆ミ,935,5
610位,,武道家,素人です,935,5
611位,,武道家,とば・てぃーえ,935,5
612位,,シーフ,グランス。,935,5
613位,,シーフ,タヌキ2号,935,5
614位,,シーフ,Lucky_bell,935,5
615位,,シーフ,шシーフш,935,5
616位,,シーフ,さふちゃん,935,4
617位,,シーフ,＠電チュー＠,935,4
618位,,武道家,もじもじトリさん,935,3
619位,,武道家,きょんし,935,0
620位,,武道家,朽桟,934,5
621位,,武道家,きくじゆてる,934,5
622位,,武道家,槙島聖冴,934,5
623位,,武道家,何なんｗ,934,5
624位,,武道家,クレイブ,934,5
625位,,武道家,ΨおぺちΨ,934,5
626位,,武道家,ミオ。,934,5
627位,,武道家,イチゴタルト♪,934,5
628位,,シーフ,バイキング,934,5
629位,,シーフ,ラッチ☆,934,5
630位,,武道家,拳zo,934,4
631位,,武道家,BeGOOD,934,4
632位,,武道家,龍虎の犬,934,4
633位,,シーフ,怪盗ジバコ,934,4
634位,,シーフ,☆風に乗って☆,934,4
635位,,武道家,￡鉢架￡,933,5
636位,,武道家,黒い２年生,933,5
637位,,武道家,NullExistence,933,5
638位,,武道家,趙雲．,933,5
639位,,武道家,ち～ずまる,933,5
640位,,武道家,☆東洋の怪物☆,933,5
641位,,武道家,ＯＲＩＧＡＭＩ,933,5
642位,,武道家,おそせそ,933,5
643位,,シーフ,ΔリンクΔ,933,5
644位,,シーフ,ルククル,933,5
645位,,シーフ,伊波ちゃん,933,5
646位,,シーフ,シラクーザ,933,5
647位,,シーフ,chibi☆檸檬,933,4
648位,,武道家,雲丹琳,932,5
649位,,武道家,ブドウ無視,932,5
650位,,武道家,カルDX_,932,5
651位,,武道家,暴龍天1st,932,5
652位,,武道家,ポロシャツ,932,5
653位,,武道家,ぉにくきゅぅ,932,5
654位,,武道家,遊郭王,932,5
655位,,武道家,ビリーシアーズ,932,5
656位,,武道家,κοζμκё,932,5
657位,,武道家,恋模様,932,5
658位,,シーフ,ﾎｯﾄﾁｮｺ,932,5
659位,,シーフ,メロンの神様,932,5
660位,,シーフ,ξゆうちゃんξ,932,5
661位,,シーフ,やわらか豆腐,932,5
662位,,シーフ,＜ガロア＞,932,5
663位,,シーフ,↓tochi↓,932,4
664位,,武道家,Ｆファルコン,932,3
665位,,武道家,Chagama,931,5
666位,,武道家,桃刹,931,5
667位,,武道家,プッチー♪,931,5
668位,,武道家,ザラスゥ,931,5
669位,,武道家,grtretrt,931,5
670位,,武道家,トシン・アバシ,931,5
671位,,武道家,一双,931,5
672位,,武道家,無味のゴリラ,931,5
673位,,シーフ,☆彡龍,931,5
674位,,シーフ,ちょこてん,931,5
675位,,シーフ,グリーシュ,931,5
676位,,シーフ,運任せ,931,5
677位,,シーフ,着弾,931,5
678位,,シーフ,瞬速の盗賊,931,5
679位,,シーフ,幻想の城,931,5
680位,,シーフ,いちたかん,931,5
681位,,武道家,紫の旅人,931,4
682位,,シーフ,結構蛇足,931,4
683位,,武道家,ＭＳＰシヴァ,931,3
684位,,武道家,ピースポーター,931,3
685位,,武道家,真の舞踏家,931,2
686位,,武道家,ちひろまる。,931,0
687位,,武道家,ζ汐ζ,930,5
688位,,武道家,第ゼロ感,930,5
689位,,武道家,リブラスルス,930,5
690位,,武道家,圧縮鍋,930,5
691位,,武道家,BrainMuscle,930,5
692位,,シーフ,ダンナイト,930,5
693位,,シーフ,ロブナイト,930,5
694位,,シーフ,snow_pearl,930,5
695位,,シーフ,呂布奉占,930,5
696位,,シーフ,ニセサミ,930,5
697位,,シーフ,死後硬直,930,5
698位,,シーフ,けつかっちん,930,4
699位,,武道家,sii8,930,0
700位,,武道家,cisco,930,0
701位,,武道家,チェルモ,929,5
702位,,武道家,こうのしん,929,5
703位,,武道家,メタルボルト,929,5
704位,,武道家,☆キンタロウ☆,929,5
705位,,シーフ,disk,929,5
706位,,シーフ,みゃーし,929,5
707位,,シーフ,どんぶりっ！！！,929,5
708位,,シーフ,Portgas_D_Ace,929,5
709位,,武道家,ヘモフォビア,929,4
710位,,武道家,掟カウンタック,929,4
711位,,武道家,期間限定,929,4
712位,,武道家,葡萄やろー,929,4
713位,,シーフ,ふきき,929,4
714位,,武道家,まやもんす♪,929,3
715位,,シーフ,ビッケブランカ,929,2
716位,,武道家,とらっぷS,929,0
717位,,武道家,о梵天丸о,928,5
718位,,武道家,イリューダ,928,5
719位,,武道家,ﾄﾞﾝ・ｺﾙﾚｵｰﾈ,928,5
720位,,武道家,じゃむ爺,928,5
721位,,シーフ,飛び出し猫注意！,928,5
722位,,シーフ,逃げ恥ぱんだぁ,928,5
723位,,シーフ,パランク,928,5
724位,,武道家,一ドル,928,3
725位,,武道家,テキーラ。,928,3
726位,,武道家,choburi2020,928,3
727位,,シーフ,BoobyTrap,928,2
728位,,シーフ,イデアール,928,1
729位,,シーフ,きゅあⅡ,928,1
730位,,武道家,レビンアロー,928,0
731位,,シーフ,LupinⅩ世,928,0
732位,,武道家,嵐纏,927,5
733位,,武道家,☆EIN☆,927,5
734位,,武道家,x復帰様x,927,5
735位,,武道家,ﾌｧｰｽﾄｸﾗｳﾝ,927,5
736位,,武道家,まさたろす,927,5
737位,,武道家,ごつやん,927,5
738位,,武道家,ⅹ朝比奈ⅹ,927,5
739位,,シーフ,鈴木誠也,927,5
740位,,シーフ,サードパーティー,927,5
741位,,シーフ,いーぴん,927,5
742位,,シーフ,バウムバッハ,927,5
743位,,武道家,ミラクルモモンガ,927,4
744位,,武道家,ｼｭﾊﾟ,927,4
745位,,シーフ,ひえん,927,4
746位,,シーフ,ネコートさん♪,927,3
747位,,武道家,螺巌,926,5
748位,,武道家,ﾐｯﾄﾞﾃﾞｲ・ﾛｻﾞﾘｵ,926,5
749位,,武道家,絡繰人形,926,5
750位,,武道家,ζガラζ,926,5
751位,,武道家,暗黒シフ,926,5
752位,,武道家,アフゼリア,926,5
753位,,武道家,生茶♪,926,5
754位,,武道家,小さなシーフ,926,5
755位,,武道家,pDOCq,926,5
756位,,武道家,れバニラ,926,5
757位,,武道家,蓮の葉商会,926,5
758位,,武道家,黒い豚,926,5
759位,,シーフ,柚木卓,926,5
760位,,シーフ,☆Νопαмё☆,926,5
761位,,武道家,二休サン,926,4
762位,,武道家,Ｊ．Ｐ．Ｓ．Ⅱ,926,4
763位,,シーフ,kaiori,926,4
764位,,武道家,りおん君,925,5
765位,,武道家,へへヘっヘぺ,925,5
766位,,武道家,amagiri,925,5
767位,,武道家,束縛系彼氏,925,5
768位,,武道家,ランマルＪｒ,925,5
769位,,武道家,Blackbit,925,5
770位,,武道家,ジムビーム,925,5
771位,,武道家,腐愚田汰羅悪,925,5
772位,,シーフ,LBXペルセウス,925,5
773位,,シーフ,紅葉‡,925,5
774位,,シーフ,ｻﾞｳﾞｨｱ,925,5
775位,,シーフ,seisetu,925,5
776位,,シーフ,遠也,925,5
777位,,武道家,ﾊﾟﾆｰ☆ﾐ,925,4
778位,,武道家,ぼくｱﾙﾊﾞｲﾄｫ,925,4
779位,,シーフ,地下墳墓,925,4
780位,,武道家,ボスウZin,925,3
781位,,武道家,§sidecar§,925,0
782位,,シーフ,ｋ－２,925,0
783位,,シーフ,セルー１,925,0
784位,,武道家,零崎筴識,924,5
785位,,武道家,ﾄﾞﾗｴﾓﾝﾏﾆｱ,924,5
786位,,武道家,豚さん。,924,5
787位,,武道家,_水無月_,924,5
788位,,武道家,よんよんν,924,5
789位,,武道家,オルステッド,924,5
790位,,武道家,トトZZ,924,5
791位,,武道家,ﾗｲﾝﾊﾙﾄ･ｱｽﾄﾘｱｽ,924,5
792位,,武道家,墓石ペロペロ,924,5
793位,,武道家,優雅。,924,5
794位,,武道家,湿地の干潟,924,5
795位,,武道家,茄子一番,924,5
796位,,武道家,コーカ・ラサ,924,5
797位,,武道家,VARO,924,5
798位,,武道家,マサタロス,924,5
799位,,武道家,メディチ家の末裔,924,5
800位,,武道家,常夏Boy☆彡,924,5
801位,,シーフ,堊尉,924,5
802位,,シーフ,ЖルウクЖ,924,5
803位,,シーフ,みる鍋,924,5
804位,,シーフ,桜島DX,924,5
805位,,武道家,kiyosi13,924,0
806位,,武道家,カムイ,924,0
807位,,武道家,ﾄｰｷｮｰ,924,0
808位,,武道家,ﾃｨｰﾁ,923,5
809位,,武道家,HOIMBOCX,923,5
810位,,武道家,風散,923,5
811位,,武道家,tanishin3,923,5
812位,,武道家,黒耀華,923,5
813位,,武道家,マーシャルψ,923,5
814位,,武道家,City__27,923,5
815位,,武道家,budou10,923,5
816位,,武道家,ⅹみけ猫ⅹ,923,5
817位,,武道家,☆葡萄家☆,923,5
818位,,武道家,お武闘さん,923,5
819位,,武道家,しょう？,923,5
820位,,武道家,悔しいから,923,5
821位,,武道家,SolidStateSquad,923,5
822位,,武道家,グリモン,923,5
823位,,武道家,鬼畜道,923,5
824位,,シーフ,相州☆乱破,923,5
825位,,シーフ,メーメーＤＸ,923,5
826位,,シーフ,怪盗しまん,923,5
827位,,シーフ,ラークフェニル,923,5
828位,,シーフ,萌えルン♪,923,5
829位,,武道家,権拳,923,4
830位,,武道家,スーパータカ,923,4
831位,,武道家,Inasa,923,4
832位,,シーフ,舞茸王子,923,4
833位,,シーフ,けい１,923,4
834位,,武道家,撞木鮫,923,3
835位,,武道家,真の格闘家,923,1
836位,,シーフ,ワンパン,923,0
837位,,シーフ,並列４気筒,923,0
838位,,武道家,シャルシス,922,5
839位,,武道家,xキッドx,922,5
840位,,武道家,DejjMO,922,5
841位,,武道家,MARUGARI,922,5
842位,,武道家,あらいぐま改Ⅱ,922,5
843位,,武道家,Ωろと②Ω,922,5
844位,,武道家,モリフクロウ,922,5
845位,,武道家,Maggie_is_Back,922,5
846位,,武道家,龍皇カルラキン,922,5
847位,,武道家,ジョトダコラ,922,5
848位,,武道家,こっさん,922,5
849位,,武道家,キッド。,922,5
850位,,武道家,覇王隆之介,922,5
851位,,武道家,pychrom,922,5
852位,,武道家,タームル,922,5
853位,,武道家,∫ウルセーヨ∫,922,5
854位,,武道家,ｵﾆｵﾝ伯爵,922,5
855位,,武道家,たこん,922,5
856位,,武道家,τRapunzelτ,922,5
857位,,シーフ,ナノファイバー,922,5
858位,,シーフ,運キャラ☆,922,5
859位,,シーフ,暴走の狂い咲き,922,5
860位,,シーフ,死の制裁,922,5
861位,,シーフ,盗賊の・・・,922,5
862位,,シーフ,瑠樺☆,922,5
863位,,シーフ,シンフォニクス,922,5
864位,,武道家,土佐からの旅人,922,4
865位,,武道家,鬼人オメガ,922,4
866位,,武道家,金欠ｳｼｼﾞﾏくん,922,4
867位,,武道家,けいわん,922,4
868位,,シーフ,N゜5,922,4
869位,,武道家,銀の華,922,3
870位,,武道家,山芋の磯辺揚げ22,922,1
871位,,武道家,小袖_J,922,1
872位,,武道家,ｼﾞｬﾐﾙ・ﾊﾞｲﾊﾟｰ,922,0
873位,,武道家,民衆,922,0
874位,,武道家,サイヤゴッド,921,5
875位,,武道家,ｲﾙｳﾞｧｰﾅ,921,5
876位,,武道家,武道ぱんだ,921,5
877位,,武道家,サッポロ♪,921,5
878位,,武道家,つっぺれん,921,5
879位,,武道家,SnowBlast,921,5
880位,,武道家,ブリブリ帝,921,5
881位,,武道家,ろりぽっぽ,921,5
882位,,武道家,ねこぷっち,921,5
883位,,武道家,Cafe☆Au☆Lait,921,5
884位,,武道家,やどぽん,921,5
885位,,武道家,LUXENDark,921,5
886位,,武道家,ｶｸｶ・ﾌﾞﾄﾞｳ,921,5
887位,,シーフ,刺射賦,921,5
888位,,シーフ,安定,921,5
889位,,シーフ,怪盗キッドマン,921,5
890位,,シーフ,о虎千代о,921,5
891位,,シーフ,九尾の狐　九喇嘛,921,5
892位,,シーフ,ImperialHal,921,5
893位,,シーフ,ファーイ,921,5
894位,,シーフ,†BlackOut†,921,5
895位,,シーフ,Galderia,921,4
896位,,シーフ,大和ｋ１,921,4
897位,,シーフ,sun_punch,921,3
898位,,武道家,黒桃珊瑚,921,1
899位,,シーフ,ｶﾘﾑ・ｱﾙｱｼﾞｰﾑ,921,0
900位,,武道家,せいじゅうろう,920,5
901位,,武道家,しぐれ改♪,920,5
902位,,武道家,ちゃん・ちゃん,920,5
903位,,武道家,品田牛村,920,5
904位,,武道家,ユンユン。,920,5
905位,,武道家,γ音速丸γ,920,5
906位,,武道家,ランギロア,920,5
907位,,武道家,†ｼｬﾙﾙ†,920,5
908位,,武道家,るずれいん,920,5
909位,,武道家,ﾊｹﾞ/ﾄﾞｳ,920,5
910位,,武道家,無能の人,920,5
911位,,武道家,ｳｪﾙﾀｰ,920,5
912位,,武道家,オルフェーブル,920,5
913位,,武道家,銀翼のｿﾚｲﾕ,920,5
914位,,武道家,「象」,920,5
915位,,武道家,プロポ,920,5
916位,,武道家,殴る蹴るのんた,920,5
917位,,武道家,さらい,920,5
918位,,武道家,別人,920,5
919位,,武道家,ルーマニア人,920,5
920位,,武道家,横山キック,920,5
921位,,シーフ,メトロン星人,920,5
922位,,シーフ,Ruru_,920,5
923位,,シーフ,あやシフ,920,5
924位,,シーフ,yutaka∮,920,5
925位,,シーフ,じぇにぃ,920,5
926位,,シーフ,LibertyForce,920,5
927位,,シーフ,どどすん,920,5
928位,,武道家,ガルン武,920,4
929位,,シーフ,預かり番,920,4
930位,,シーフ,戦乱の勝ち組,920,4
931位,,武道家,ビーブラック,920,1
932位,,武道家,ポートボール,920,0
933位,,武道家,ﾘﾄﾞﾙ･ﾛｰｽﾞﾊｰﾄ,920,0
934位,,シーフ,周通,920,0
935位,,シーフ,ｹｲﾄ･ﾀﾞｲﾔﾓﾝﾄﾞ,920,0
936位,,武道家,zeroRei,919,5
937位,,武道家,あらざし,919,5
938位,,武道家,鬼哭ゲンゾウ,919,5
939位,,武道家,よねくる,919,5
940位,,武道家,にゃんベル,919,5
941位,,武道家,リアルシャロン,919,5
942位,,武道家,ｸﾙｯｼｰ,919,5
943位,,武道家,toshi052602,919,5
944位,,武道家,ナグ☆シ武,919,5
945位,,武道家,天空海風,919,5
946位,,武道家,KKT019,919,5
947位,,シーフ,ステンベンソン,919,5
948位,,シーフ,ⅹ隼人ⅹ,919,5
949位,,シーフ,Aultium,919,5
950位,,シーフ,†楽斗†,919,5
951位,,シーフ,丸チネス,919,5
952位,,シーフ,S1N￠,919,5
953位,,シーフ,ﾏﾙﾎﾞﾛﾗｲﾄ☆,919,5
954位,,シーフ,都雪,919,5
955位,,武道家,紅月すばる,919,4
956位,,シーフ,CRわたるくん,919,4
957位,,シーフ,onehorse,919,4
958位,,武道家,みらいちゃん♪,919,3
959位,,武道家,なつはる,919,3
960位,,武道家,メロウZ,919,2
961位,,武道家,五穀米美味しい♪,919,2
962位,,シーフ,わかばんげん,919,2
963位,,シーフ,いすらえる,919,2
964位,,シーフ,Crazymax,919,1
965位,,武道家,ぽぃo,919,0
966位,,武道家,セイファート☆,919,0
967位,,武道家,花夢花夢（改）,919,0
968位,,シーフ,赤短,919,0
969位,,武道家,ムンプ,918,5
970位,,武道家,Klarheit,918,5
971位,,武道家,ZΕRO,918,5
972位,,武道家,氷炭相愛,918,5
973位,,武道家,ラニュー,918,5
974位,,武道家,攻撃＠厨房,918,5
975位,,武道家,Siesta00,918,5
976位,,武道家,☆炎月☆,918,5
977位,,武道家,ｸﾛｰﾑｵﾌﾞﾗｲﾄ,918,5
978位,,武道家,☆ダモンデ☆,918,5
979位,,武道家,☆柊吉☆２号,918,5
980位,,武道家,十凶龍,918,5
981位,,武道家,サラリク,918,5
982位,,武道家,幸運Gの残党,918,5
983位,,武道家,いけぬまたかし,918,5
984位,,武道家,前科4犯,918,5
985位,,武道家,≫セサミ≪,918,5
986位,,武道家,ぺけじぇいあーる,918,5
987位,,シーフ,桃梗,918,5
988位,,シーフ,γmitsubooγ,918,5
989位,,シーフ,☆はんま☆,918,5
990位,,シーフ,つつくな！,918,5
991位,,シーフ,ぼく、ぽっくん♪,918,5
992位,,シーフ,雲体風身yoro術師,918,5
993位,,シーフ,ｼｭﾄﾛｾﾞｯｸ,918,5
994位,,シーフ,スポック,918,5
995位,,武道家,天真,918,4
996位,,武道家,手羽先投げるよ,918,4
997位,,武道家,蒼天の貴公子,918,4
998位,,シーフ,9999,918,4
999位,,シーフ,‐ALICE_HEART‐,918,4
