1位,,闘士,アザレア,1001,5
2位,,闘士,霊術,1001,5
3位,,闘士,マダオ,1001,5
4位,,闘士,れいじゅつ様,1001,5
5位,,霊術師,きゃほーい,1001,5
6位,,霊術師,Maki,1001,5
7位,,霊術師,とってぃ,1001,5
8位,,霊術師,瞳の住人☆,1001,5
9位,,霊術師,錦木千束,1001,5
10位,,霊術師,一ノ瀬めと,1001,5
11位,,闘士,TOSHI,1000,5
12位,,闘士,☆煽りくん☆,1000,5
13位,,闘士,武舞千変,1000,5
14位,,闘士,ミコサマン,1000,5
15位,,闘士,ろじゃくれ,1000,5
16位,,闘士,バブルス,1000,5
17位,,闘士,NewJeans,1000,5
18位,,闘士,hollow_rabbit,1000,5
19位,,闘士,寒鰤,1000,5
20位,,闘士,カカオ零,1000,5
21位,,霊術師,Scythe√,1000,5
22位,,霊術師,どっと,1000,5
23位,,霊術師,とろ,1000,5
24位,,霊術師,ほのかなかほり,1000,5
25位,,霊術師,Ophelia,1000,5
26位,,霊術師,星の輝き☆彡,1000,5
27位,,霊術師,†卍Kayn卍†,1000,5
28位,,霊術師,れなまる,1000,5
29位,,霊術師,とぉげぴぃ,1000,5
30位,,霊術師,非情なる暴君,1000,5
31位,,霊術師,つよみん,1000,5
32位,,霊術師,モンキー＾＾ｖ,1000,5
33位,,霊術師,クリームコロッケ,1000,5
34位,,霊術師,鷸榧,1000,5
35位,,霊術師,おつぼてゃん,1000,5
36位,,霊術師,かまちょ,1000,5
37位,,霊術師,星見有栖,1000,5
38位,,霊術師,ららーいおん,1000,5
39位,,霊術師,Valkyrie☆彡,1000,5
40位,,霊術師,トウカ,1000,5
41位,,霊術師,とーか,1000,5
42位,,闘士,Ya_ya,1000,4
43位,,霊術師,☆星月夜,1000,4
44位,,闘士,GRX130,1000,3
45位,,闘士,ねこなのモオォォ,1000,3
46位,,霊術師,れもんたん,1000,3
47位,,霊術師,瑞穂,1000,3
48位,,闘士,うにゃ［T］,1000,2
49位,,霊術師,私はUです,1000,1
50位,,闘士,†仁†,1000,0
51位,,霊術師,うさこぱんち！,995,5
52位,,霊術師,１－４－０,986,5
53位,,闘士,まおにゃん,984,5
54位,,霊術師,YUU。,984,5
55位,,闘士,カリソメお嬢,974,5
56位,,霊術師,［ALEX］,958,0
57位,,霊術師,ぽころん,956,5
58位,,闘士,ﾊｯﾊｯﾊｯﾊｯ,954,5
59位,,霊術師,ハフルス,949,5
60位,,霊術師,はお,949,5
61位,,霊術師,ナスがママ,947,5
62位,,霊術師,葛城栄主,945,5
63位,,闘士,たこしゅたたたっ,943,5
64位,,霊術師,ときよしこのXX,940,5
65位,,闘士,ぽにたん,940,3
66位,,闘士,JojoRabbit,936,2
67位,,霊術師,アル中ハイマー,934,5
68位,,霊術師,霊媒師,934,5
69位,,闘士,神楽闘士,931,5
70位,,闘士,みらくるぼんばー,931,5
71位,,霊術師,Martingale,931,5
72位,,闘士,しおんMkⅡ,930,5
73位,,闘士,AMQer,930,0
74位,,霊術師,らむたら,928,1
75位,,闘士,胡蝶,927,5
76位,,闘士,デコボコ,926,5
77位,,霊術師,ヘイズ,926,5
78位,,霊術師,Room334,926,5
79位,,霊術師,まにゃん,925,5
80位,,霊術師,GAN3,925,0
81位,,闘士,zofyia,923,5
82位,,霊術師,ハーツ3,923,5
83位,,霊術師,AB503,922,0
84位,,闘士,アリナミン錠,921,5
85位,,闘士,あるす,921,5
86位,,闘士,ヘム,921,5
87位,,霊術師,Akarin,921,5
88位,,霊術師,Zite,920,5
89位,,闘士,SSRB民,920,0
90位,,闘士,Ria_MeLo,920,0
91位,,霊術師,Ekuseria,919,5
92位,,闘士,るか♪,918,5
93位,,闘士,xつみきんx,918,5
94位,,霊術師,はる。,918,5
95位,,闘士,ぜのぜのちゃん,918,0
96位,,闘士,ねおとぅり,917,5
97位,,闘士,てーんきゅ,917,5
98位,,闘士,転生したら鞄,916,5
99位,,霊術師,妊婦,916,5
100位,,霊術師,アグラップラー,916,2
101位,,闘士,Abon,915,5
102位,,闘士,としちゃん,915,5
103位,,闘士,HAMU,915,5
104位,,闘士,おじゃるまる,915,3
105位,,闘士,佐切,915,0
106位,,闘士,ジゼル,915,0
107位,,闘士,yymarlboroyy,914,4
108位,,霊術師,ササキング,914,1
109位,,闘士,熊猫,914,0
110位,,霊術師,おると,913,5
111位,,霊術師,ティファ,913,1
112位,,闘士,二へラチオ,913,0
113位,,霊術師,氷蝶,913,0
114位,,闘士,ばなな戦車,912,5
115位,,霊術師,ζSoul_Bringerζ,912,5
116位,,闘士,レィ,912,3
117位,,霊術師,オスクロル,912,3
118位,,闘士,雷皇,912,2
119位,,闘士,さいたま在住,912,2
120位,,霊術師,つるつるうーまん,912,0
121位,,闘士,ワーウィック,911,5
122位,,闘士,うっとり中華,911,5
123位,,霊術師,MRIE,911,5
124位,,霊術師,daiyameβ,911,1
125位,,闘士,meru,910,5
126位,,闘士,投資,910,5
127位,,霊術師,Luscious,910,5
128位,,霊術師,南無阿弥陀仏,910,5
129位,,霊術師,霊ﾊﾑ,910,5
130位,,闘士,りょうこ,910,3
131位,,霊術師,リンリン,910,1
132位,,闘士,がじん2,910,0
133位,,霊術師,Hikari,910,0
134位,,霊術師,美柑王国拳で抵抗,910,0
135位,,闘士,チャン・グンソウ,909,5
136位,,霊術師,霊術の姉さん,909,5
137位,,霊術師,サスペンダー,909,5
138位,,霊術師,ぴっちー,909,4
139位,,闘士,用心棒Barusa,909,3
140位,,闘士,名誉野うさぎ,909,3
141位,,霊術師,霊術師さん,909,1
142位,,闘士,リーパークイーン,909,0
143位,,霊術師,草刈,909,0
144位,,霊術師,ふぇの,909,0
145位,,霊術師,綾鷹,909,0
146位,,霊術師,ぷいっ！,909,0
147位,,霊術師,Format,908,5
148位,,霊術師,ｹﾂｶﾗﾏﾐｺ,908,3
149位,,闘士,あず,908,2
150位,,霊術師,rukia6343,908,1
151位,,霊術師,OoKAMA,908,0
152位,,霊術師,pnz_r,907,5
153位,,霊術師,すいかめさん,907,5
154位,,霊術師,ALLINONE,907,5
155位,,闘士,青のすみか,907,4
156位,,霊術師,じぇんど・れい,907,0
157位,,霊術師,残業月100時間超,907,0
158位,,霊術師,狐狗狸,907,0
159位,,霊術師,Ｒｏｓｅ,906,5
160位,,霊術師,ラピス,906,5
161位,,霊術師,メイロ,906,5
162位,,霊術師,ラムネ餅,906,5
163位,,闘士,マンティコア,906,2
164位,,霊術師,artemisfoul925,906,1
165位,,闘士,のよ式,906,0
166位,,霊術師,あおちゃんわん,906,0
167位,,闘士,輝く瞳,905,5
168位,,闘士,ぱーなぽ,905,5
169位,,霊術師,鎌のNERV,905,5
170位,,霊術師,こにあMakⅡ,905,5
171位,,霊術師,TOROI,905,3
172位,,闘士,まめもち,905,0
173位,,霊術師,もちゃくん,904,5
174位,,霊術師,水織音,904,5
175位,,霊術師,みそか,904,5
176位,,霊術師,zexcy_youtube,904,4
177位,,霊術師,すぷらったー,904,1
178位,,闘士,たぅ・３・,904,0
179位,,霊術師,風神雷神,904,0
180位,,霊術師,ぽこぽこヘッド,904,0
181位,,闘士,shi＋L,903,3
182位,,闘士,糖質はぜろ,903,2
183位,,霊術師,とりっくすたー,903,2
184位,,闘士,夕希乃,903,0
185位,,霊術師,start,903,0
186位,,霊術師,おうろん,903,0
187位,,霊術師,足元の人,903,0
188位,,闘士,バナナ24,902,5
189位,,闘士,にゃんざます,902,5
190位,,霊術師,Peti,902,5
191位,,霊術師,柊シノア,902,4
192位,,闘士,へっぽこ○,902,3
193位,,霊術師,れいの,902,1
194位,,闘士,ホワイトキャット,902,0
195位,,闘士,改変待,902,0
196位,,霊術師,星ノ音コロン,902,0
197位,,霊術師,悪霊退散,902,0
198位,,霊術師,チャミスル,902,0
199位,,霊術師,オーラカのお供,902,0
200位,,闘士,ファミィ,901,5
201位,,闘士,ヒュドロ,901,5
202位,,霊術師,田中,901,5
203位,,霊術師,RTYU,901,1
204位,,霊術師,鎌おもいです,901,0
205位,,霊術師,雛汰アリカ,901,0
206位,,霊術師,夜叉丸,901,0
207位,,霊術師,エアリス,901,0
208位,,霊術師,Gカップお姉さん,901,0
209位,,霊術師,まめひめ,901,0
210位,,闘士,ともえ,900,5
211位,,闘士,x1johs,900,5
212位,,闘士,BRZ73,900,5
213位,,霊術師,yui01,900,5
214位,,霊術師,wind_MkⅤ,900,5
215位,,闘士,gerolityknight,900,4
216位,,闘士,しゅれ,900,4
217位,,霊術師,やにおじ,900,4
218位,,闘士,じゃがありご,900,3
219位,,闘士,拳Lord,900,2
220位,,霊術師,Rivera,900,2
221位,,霊術師,しろ,900,1
222位,,闘士,羅紗,900,0
223位,,闘士,永遠,900,0
224位,,闘士,inpact,900,0
225位,,霊術師,ｼﾝﾃﾞｨ･ﾛｰﾊﾟｰ,900,0
226位,,霊術師,うい,900,0
227位,,霊術師,COVID100,900,0
228位,,霊術師,レイブル,900,0
229位,,霊術師,ウルフマンしたい,900,0
230位,,霊術師,争いの種,900,0
231位,,霊術師,Ohmassy,899,4
232位,,闘士,与謝野晶子,899,3
233位,,霊術師,ホルマリン・サバ,899,1
234位,,闘士,射手座,899,0
235位,,闘士,鬼嫁,899,0
236位,,霊術師,治療師グーグー,899,0
237位,,闘士,瞬華終刀,898,4
238位,,霊術師,おかまの鎌男,898,4
239位,,霊術師,幻霊,898,4
240位,,霊術師,Conice_maZonaaa,898,0
241位,,霊術師,涼RYO,898,0
242位,,霊術師,2chニキ,897,4
243位,,霊術師,EmeraldPrincess,897,4
244位,,霊術師,リーパー,897,3
245位,,霊術師,お試しキャラ,897,1
246位,,闘士,☆うっちぃ☆,897,0
247位,,闘士,超絶ｶﾜｲｲﾏｲﾒﾛﾁｬﾝ,897,0
248位,,闘士,ランマル,897,0
249位,,闘士,raykj,897,0
250位,,闘士,ﾊﾟﾝﾃｨﾊﾝﾀｰL,897,0
251位,,霊術師,微粒子NaNo,897,0
252位,,霊術師,丈子・ｼﾞｮｰｶｰｽﾞ,897,0
253位,,闘士,キュラソー,896,1
254位,,霊術師,BloodyMary,896,1
255位,,闘士,Ｍａｎｏ,896,0
256位,,霊術師,3mg☆,896,0
257位,,闘士,おこげ,895,4
258位,,霊術師,Waldfeld,895,1
259位,,霊術師,まるがり＠夏,895,1
260位,,闘士,八咫鏡,895,0
261位,,霊術師,いなみん,895,0
262位,,霊術師,Gladiatrix,894,3
263位,,霊術師,ぴぴぴ,894,1
264位,,霊術師,夏色みかん,894,0
265位,,霊術師,quel,894,0
266位,,闘士,Sess,893,4
267位,,闘士,ピロリ,893,4
268位,,霊術師,alicefine,893,4
269位,,闘士,ThemeZinx,893,2
270位,,霊術師,ﾊﾟﾋﾟｺ,893,0
271位,,霊術師,ねこぱんち,893,0
272位,,闘士,死の恐怖スケィス,892,4
273位,,霊術師,R_Shaman,892,4
274位,,闘士,こってりちゃん,892,1
275位,,闘士,掌ドリル,892,0
276位,,霊術師,山花田,892,0
277位,,霊術師,ぷっぷるくー,892,0
278位,,霊術師,ぺぺろんちーの,892,0
279位,,闘士,草食系女子,891,4
280位,,霊術師,hiduki．,891,3
281位,,闘士,くらり,891,2
282位,,霊術師,パワー9,891,1
283位,,闘士,なりきん,891,0
284位,,闘士,ゆあぽこりん,891,0
285位,,闘士,古井さん,891,0
286位,,霊術師,ゆうちゃん,891,0
287位,,霊術師,QQOQQ,891,0
288位,,霊術師,Ghost,891,0
289位,,霊術師,うさまびん子,890,4
290位,,闘士,SARI,890,1
291位,,闘士,ykmk_f,890,0
292位,,霊術師,尿漏れパンパース,890,0
293位,,霊術師,しろり,890,0
294位,,霊術師,ボンベーマン,889,4
295位,,霊術師,すい〇,889,0
296位,,霊術師,芋型ポテト,889,0
297位,,闘士,ネイル,888,0
298位,,闘士,かりんとう,888,0
299位,,霊術師,ジュラ,887,4
300位,,闘士,こるごん,887,3
301位,,霊術師,死に神ちゃん,887,3
302位,,霊術師,トライロック,887,1
303位,,闘士,Gina,887,0
304位,,闘士,鈴麗,886,4
305位,,霊術師,クロまめ,886,2
306位,,闘士,マミちゃん,886,0
307位,,霊術師,大概2世,886,0
308位,,霊術師,magu,885,2
309位,,霊術師,樹愛羅,884,4
310位,,霊術師,ぐれん,884,4
311位,,闘士,GGRf,884,0
312位,,闘士,虚空月,883,0
313位,,闘士,ヤンデレ,883,0
314位,,闘士,シアルティス＠VT,883,0
315位,,霊術師,こみ,883,0
316位,,霊術師,人間そっくり,883,0
317位,,霊術師,ジェリコ,882,4
318位,,闘士,そこみん,882,0
319位,,霊術師,アリエス,881,3
320位,,闘士,手塚ゾーン,881,1
321位,,霊術師,ラフィン,880,4
322位,,闘士,yda_wota,880,3
323位,,霊術師,いるく,880,0
324位,,闘士,K・K,879,4
325位,,闘士,みちる,879,3
326位,,霊術師,味噌鎌,879,2
327位,,闘士,Guerrilla_Radio,879,1
328位,,闘士,シなぷしゅ,879,0
329位,,霊術師,γ冷瑠,879,0
330位,,霊術師,風鈴,879,0
331位,,霊術師,佐竹,878,3
332位,,闘士,ガチファイター,878,0
333位,,霊術師,零出螺楠,877,0
334位,,霊術師,すっ,876,2
335位,,霊術師,バニバニ,876,2
336位,,闘士,ジェニカ,876,0
337位,,霊術師,らを,876,0
338位,,霊術師,キルル☆,876,0
339位,,霊術師,kurosiro,875,4
340位,,闘士,はるる,875,0
341位,,霊術師,気持ち良すぎだろ,875,0
342位,,霊術師,てそにレの4,875,0
343位,,霊術師,ハーイボ～ル,874,4
344位,,霊術師,エリゴール,874,0
345位,,闘士,人馬一体,873,4
346位,,闘士,xMarux,873,0
347位,,闘士,テトラクシ,873,0
348位,,霊術師,momon,873,0
349位,,霊術師,QP01,873,0
350位,,霊術師,オコジョ,872,0
351位,,霊術師,星奈♪,872,0
352位,,霊術師,Dolala,871,0
353位,,霊術師,雲打,870,4
354位,,闘士,たぷたぷおしり,870,0
355位,,霊術師,ほりくぽ・。・,869,0
356位,,霊術師,おかゆん,867,0
357位,,闘士,ラッシュ,866,4
358位,,霊術師,風鈴華散,866,1
359位,,霊術師,快適マスク,865,4
360位,,闘士,パッポンブナン,865,1
361位,,霊術師,クライム,863,1
362位,,霊術師,お宝ちゃん,862,3
363位,,闘士,それ昨日の茶です,860,0
364位,,闘士,修羅の道,860,0
365位,,霊術師,部屋掃除して,859,0
366位,,霊術師,霊術師s,858,1
367位,,霊術師,のりおくん,856,3
368位,,霊術師,朔LaDaJESSICA,856,0
369位,,闘士,魅惑のｻﾙﾊﾞﾄｰﾚ,854,0
370位,,霊術師,SNOOPY,852,0
371位,,霊術師,デロリーン,852,0
372位,,霊術師,たんどらっ！,849,3
373位,,霊術師,ワンビア,848,4
374位,,闘士,スプレマシー,847,3
375位,,霊術師,バチストゥータ,844,0
376位,,闘士,雨音に癒やされる,843,0
377位,,霊術師,もち子,843,0
378位,,霊術師,タヒ女示申,840,0
379位,,闘士,ｱﾈﾐｴｸ･ﾌｧﾝﾌﾙｰﾃﾝ,839,0
380位,,霊術師,lunamoth,837,2
381位,,霊術師,青なな,835,0
382位,,闘士,S_Ayame,834,3
383位,,闘士,バレパン,834,0
384位,,霊術師,ぱんぱん,832,0
385位,,霊術師,酔い心地,831,0
386位,,霊術師,おなかちゃん,829,0
387位,,霊術師,赤枝の霊媒師,829,0
388位,,闘士,ベルベット・キス,828,1
389位,,霊術師,砂漠飛蝗,828,0
390位,,霊術師,平和園,827,0
391位,,霊術師,紫紀,826,4
392位,,霊術師,mina,826,1
393位,,霊術師,Conflict,826,0
394位,,霊術師,グロウノス,823,0
395位,,霊術師,紫のリンゴ,821,4
396位,,霊術師,ダブハン爪痕,819,0
397位,,霊術師,むちむちふともも,818,0
398位,,霊術師,テッキー,818,0
399位,,霊術師,ひられいち,816,0
400位,,闘士,葵伊,815,1
401位,,霊術師,かまko,815,0
402位,,霊術師,あしゅら,814,0
403位,,霊術師,つゆだくだく,813,0
404位,,霊術師,がまがえる,812,0
405位,,霊術師,ノメ,808,0
406位,,霊術師,みけ＠猫術師,806,4
407位,,霊術師,kirito,806,0
408位,,霊術師,ジェラ③,805,3
409位,,霊術師,ユリイカ,804,0
410位,,霊術師,ほろほろ,804,0
411位,,闘士,RADWIMPS,801,0
412位,,霊術師,GTea,796,0
413位,,闘士,てて,792,3
414位,,霊術師,さーもんぴんく♪,792,0
415位,,霊術師,かまんべーる,788,0
416位,,闘士,Ilumina,787,0
417位,,霊術師,さむすん,787,0
418位,,霊術師,Pocochaの民,785,1
419位,,霊術師,びっきー,781,0
420位,,闘士,Numemi,780,4
421位,,闘士,唐使,780,0
422位,,霊術師,anya,780,0
423位,,闘士,HGサザビー,772,0
424位,,闘士,冬愛,770,4
425位,,霊術師,はるなこ,770,0
426位,,霊術師,５０円,770,0
427位,,闘士,アナベル,767,0
428位,,霊術師,タモリ,765,0
429位,,霊術師,MarucoHeart,763,0
430位,,霊術師,龍角散,760,0
431位,,霊術師,Aridifolia,755,3
432位,,霊術師,れき,754,0
433位,,霊術師,gfdv,753,0
434位,,闘士,アリス・ヴェルデ,748,0
435位,,闘士,りーびん,747,3
436位,,霊術師,ニューカマー,747,0
437位,,霊術師,‡つらら‡,747,0
438位,,霊術師,ピペットマン,745,0
439位,,闘士,わかめ,742,0
440位,,闘士,さられむ。,742,0
441位,,闘士,連打ぁぁぁぁぁぁ,741,0
442位,,闘士,あばれるちゃん,740,0
443位,,霊術師,sionn,735,1
444位,,闘士,EASY_WALK,734,1
445位,,霊術師,ぱりぴちゃん,733,0
446位,,霊術師,クルクル戦闘員,731,1
447位,,霊術師,辺境伯,731,0
448位,,霊術師,チクレイ,730,3
449位,,闘士,デイジー,728,0
450位,,霊術師,HA聖AH,726,3
451位,,霊術師,ﾜﾝﾋﾟｰｽの正体は酒,726,0
452位,,霊術師,くずもち,726,0
453位,,闘士,南條,724,0
454位,,霊術師,さるかに合戦,723,0
455位,,霊術師,やばさま,723,0
456位,,霊術師,アカネレイ,720,2
457位,,霊術師,woonagi,720,0
458位,,霊術師,doom,719,0
459位,,霊術師,メロcorgi,719,0
460位,,霊術師,メルヘンナ,715,2
461位,,霊術師,RealVIVI,715,0
462位,,霊術師,精鋼,714,4
463位,,霊術師,ちん子。,713,0
464位,,闘士,ハイキャパ,712,0
465位,,闘士,魅音,711,0
466位,,霊術師,イキリ陰キャ,710,3
467位,,霊術師,Hera,709,2
468位,,霊術師,退屈な村人,709,0
469位,,霊術師,高町さん,708,0
470位,,霊術師,霊感ゼロ,706,3
471位,,霊術師,れいじゅつし,704,3
472位,,霊術師,鎌いたっち,704,2
473位,,霊術師,ちゃんあこ,702,1
474位,,霊術師,あさがお,700,2
475位,,闘士,ぽみっくす,699,2
476位,,闘士,獅子奮迅,699,0
477位,,霊術師,ジャムリンゴ,698,0
478位,,闘士,卍大車輪卍,697,4
479位,,霊術師,leftxxxx,697,0
480位,,闘士,あ～～そこそこ！,696,0
481位,,霊術師,ばななブレッド,696,0
482位,,霊術師,松来美玖,696,0
483位,,霊術師,ﾁｭﾝﾁｭﾝ,695,0
484位,,霊術師,ｵﾊｿﾖ,693,1
485位,,霊術師,れいちゃん,693,0
486位,,闘士,みくたん,691,0
487位,,霊術師,3170,689,0
488位,,霊術師,レレレのレイ,685,0
489位,,闘士,アナリア,684,0
490位,,霊術師,HoshimachiSuisei,681,0
491位,,霊術師,切歌,681,0
492位,,霊術師,るーえ,679,0
493位,,闘士,瑠璃姫,678,0
494位,,闘士,kamezar,677,0
495位,,霊術師,なめこちゃん,677,0
496位,,闘士,うんK,674,1
497位,,闘士,UTA＠闘士,670,0
498位,,霊術師,天誅ｯｯ！,670,0
499位,,闘士,レジーナ・モレノ,664,0
500位,,闘士,マルティナ,662,0
501位,,霊術師,めれんげ,662,0
502位,,霊術師,アンティリーネ,662,0
503位,,闘士,ねむこ,660,1
504位,,闘士,maron,656,0
505位,,霊術師,xHARUx,654,2
506位,,闘士,レグ,654,1
507位,,霊術師,KKDC,653,0
508位,,闘士,K助平,650,0
509位,,霊術師,reireirei,650,0
510位,,霊術師,ｶﾏ子,649,1
511位,,霊術師,アルテルキア☆彡,647,3
512位,,闘士,マレイン,647,1
513位,,霊術師,関羽雲長,647,0
514位,,闘士,Dusk,645,0
515位,,霊術師,みりぽ,645,0
516位,,霊術師,赤井氏何故巨大化,645,0
517位,,霊術師,さんがつ,644,2
518位,,霊術師,こるびい戦闘員,644,1
519位,,闘士,無天闘士,644,0
520位,,霊術師,伊藤雲母,644,0
521位,,闘士,ちゅんちゅん丸,643,1
522位,,闘士,ヴィヴィアン,643,0
523位,,霊術師,“疑うので疑う“,642,2
524位,,闘士,煩ノ助,641,0
525位,,闘士,パッチャー,639,0
526位,,闘士,ﾘｲﾙ・ﾐﾗｰｼﾞｭ,638,0
527位,,闘士,大概にSayよ,637,1
528位,,霊術師,氷菓G2,634,0
529位,,霊術師,希依音,634,0
530位,,霊術師,xアセリアx,633,4
531位,,霊術師,玲奈,631,2
532位,,霊術師,まさそうれい,631,1
533位,,霊術師,くじら雲,631,0
534位,,闘士,ラファエル,629,4
535位,,闘士,メイリン,628,0
536位,,闘士,ギャルソン,628,0
537位,,霊術師,おねぇさん≧д≦,627,0
538位,,闘士,黄金闘士,624,0
539位,,霊術師,ﾚｲﾚｲ,623,0
540位,,闘士,朔良皐,622,1
541位,,闘士,Follmoon,622,0
542位,,闘士,凡人,622,0
543位,,霊術師,陰陽,622,0
544位,,霊術師,ﾏｷﾀ全自動草刈機,621,3
545位,,闘士,Ramu,620,0
546位,,霊術師,ミュール,620,0
547位,,霊術師,ノイトラ,619,0
548位,,闘士,null,617,2
549位,,霊術師,肉豆腐,617,0
550位,,闘士,キラキラ,615,1
551位,,闘士,じぇふ_knuckle,615,0
552位,,闘士,とぅーす,615,0
553位,,霊術師,ざっくん,615,0
554位,,闘士,sukebe,614,0
555位,,霊術師,にぎりめし,613,0
556位,,霊術師,日野の２㌧,612,1
557位,,霊術師,あかね～露店,612,0
558位,,霊術師,マサ赤001,612,0
559位,,霊術師,umimin,612,0
560位,,霊術師,めたるん,612,0
561位,,闘士,双拳のブルブル,611,0
562位,,霊術師,てすと３５,611,0
563位,,霊術師,桐谷,610,3
564位,,霊術師,あうりあ,610,0
565位,,霊術師,ぶんちゃん,608,0
566位,,霊術師,アルセーヌ,608,0
567位,,霊術師,守護神,608,0
568位,,霊術師,毒電波,607,0
569位,,霊術師,とうとうとう,606,2
570位,,霊術師,ΜAΧ風量,605,1
571位,,闘士,２０２３年＠金鯖,605,0
572位,,霊術師,AKIMIN,605,0
573位,,闘士,サイス,604,0
574位,,霊術師,ノアⅡ,603,0
575位,,霊術師,あいえ,602,0
576位,,闘士,Chernabyｌ,601,0
577位,,霊術師,つるぎ愛紗,601,0
578位,,霊術師,天＿霊,601,0
579位,,霊術師,秋冬,601,0
580位,,霊術師,小南,601,0
581位,,霊術師,（＝ω＝侒,600,0
582位,,霊術師,鎌爺,600,0
583位,,霊術師,あしむず,597,1
584位,,霊術師,れこあ,596,2
585位,,霊術師,ﾎﾟﾅﾘｽ☆彡,596,0
586位,,闘士,パステル,595,0
587位,,霊術師,そうるばーん,595,0
588位,,霊術師,へーちょ,593,0
589位,,闘士,クートウ,592,0
590位,,霊術師,サイレントワルツ,588,0
591位,,霊術師,そうれい,584,1
592位,,霊術師,シンドイ霊術,584,0
593位,,霊術師,じんくす,582,0
594位,,霊術師,サクサクマン,581,0
595位,,霊術師,カレンちゃん,580,1
596位,,霊術師,まよねーず,580,0
597位,,霊術師,台風闘士,580,0
598位,,霊術師,めっちゃ小娘,579,0
599位,,霊術師,ぽにたん？,577,0
600位,,霊術師,カボス霊術師,575,0
601位,,霊術師,モナ王,574,2
602位,,霊術師,うるは,574,0
603位,,霊術師,暇な霊術師,571,0
604位,,闘士,toushi23,567,0
605位,,霊術師,キシェムル,563,0
606位,,闘士,しとぱんだ,561,0
607位,,霊術師,まさび～れい,561,0
608位,,闘士,Ψ猫丸の暴虐Ψ,560,0
609位,,闘士,あひる塾長,560,0
610位,,闘士,クロユリ,559,0
611位,,闘士,ライトハット,556,0
612位,,霊術師,ペルセルテ,556,0
613位,,霊術師,宵姫彡,553,0
614位,,闘士,にゃー♪,552,0
615位,,闘士,ドラゴネイル,552,0
616位,,闘士,シュヴァルベ,550,0
617位,,闘士,リビルドα,550,0
618位,,霊術師,じゃじゃんnu,549,2
619位,,闘士,爪_10_AM,549,0
620位,,闘士,popopo,549,0
621位,,霊術師,∞白金の鈴∞,548,1
622位,,霊術師,ひまじんの霊術,546,0
623位,,霊術師,amily,543,0
624位,,闘士,おっことぬし２,542,0
625位,,闘士,Force_Grappler,542,0
626位,,霊術師,000マサ,542,0
627位,,霊術師,しょくわんだー,542,0
628位,,闘士,AUG88,541,0
629位,,霊術師,エルトクス,541,0
630位,,闘士,アトネ,540,0
631位,,霊術師,ゅぅぁ,540,0
632位,,霊術師,w41nut,538,0
633位,,霊術師,ばかうどン,538,0
634位,,霊術師,カラメルプリン,536,1
635位,,闘士,NUMBERGIRL,533,0
636位,,霊術師,華籠＿別館,532,0
637位,,霊術師,母ノ御腹,529,1
638位,,霊術師,nekorantan,528,0
639位,,闘士,リビルドγ,527,0
640位,,霊術師,なこちゃん,527,0
641位,,霊術師,もやっしー,527,0
642位,,霊術師,ミト,525,1
643位,,霊術師,C・シャドウ,523,1
644位,,闘士,一姫,522,2
645位,,闘士,高巻杏,521,0
646位,,霊術師,sakipia,519,0
647位,,闘士,星屑のワルツ,517,0
648位,,闘士,クナ。,516,1
649位,,闘士,わくバトラー,515,0
650位,,霊術師,かおちん,515,0
651位,,闘士,とーしん,508,2
652位,,闘士,でいじーちゃん,507,0
653位,,霊術師,ブリンドル,506,0
654位,,霊術師,ねむにゃ,505,0
655位,,霊術師,おゆちゃ,505,0
656位,,霊術師,霊史,503,2
657位,,霊術師,乙アリス,495,1
658位,,闘士,ミカン王国近衛兵,494,0
659位,,闘士,セラフィックス,493,0
660位,,霊術師,にゅる,492,0
661位,,霊術師,ぐるぐる概念,491,0
662位,,霊術師,♪キャロット,491,0
663位,,闘士,メタリカ,488,0
664位,,霊術師,あか,487,0
665位,,霊術師,ほしゆめ,486,2
666位,,闘士,嘴火芦公,486,0
667位,,霊術師,しなもんろーる,484,1
668位,,霊術師,ちいさめDD,479,0
669位,,霊術師,テルミドール,477,1
670位,,霊術師,開闢,477,0
671位,,霊術師,懐石,477,0
672位,,霊術師,死神子,476,0
673位,,霊術師,お鎌,475,0
674位,,闘士,夏の風物詩,472,0
675位,,闘士,掠集の獣,470,2
676位,,霊術師,れもんだもん,470,0
677位,,闘士,リビルドβ,469,0
678位,,霊術師,エリア,469,0
679位,,闘士,ZevSenesca,465,0
680位,,闘士,メタボ,465,0
681位,,霊術師,栞那,465,0
682位,,霊術師,季楽,463,0
683位,,闘士,ましゅ♪,462,0
684位,,闘士,こにうろ,458,0
685位,,霊術師,luminas,452,0
686位,,闘士,Cortac3,451,0
687位,,霊術師,12344321,451,0
688位,,霊術師,メリーXLS,451,0
689位,,霊術師,かぼちゃぷりん,449,0
690位,,霊術師,カマカマ,448,0
691位,,闘士,吉備団子に,446,0
692位,,霊術師,マンゴー,446,0
693位,,闘士,しろくまくん,442,0
694位,,闘士,プリフィアの花,442,0
695位,,霊術師,８年ぶりの帰還者,438,0
696位,,霊術師,レン,437,0
697位,,霊術師,†深海†,432,0
698位,,霊術師,8bit,429,0
699位,,闘士,aeoncard,425,0
700位,,闘士,レミアゼンテ彡☆,425,0
701位,,闘士,理香子12,423,0
702位,,闘士,うつき,420,0
703位,,闘士,Skynny,417,0
704位,,闘士,山佐の闘爪劉,416,0
705位,,闘士,むぎちゃ,416,0
706位,,闘士,丸いﾌﾟﾆﾂﾔな何か,414,0
707位,,闘士,ぺち・ぺちこ,413,0
708位,,闘士,BillieEilish,412,0
709位,,霊術師,貴方は誰？,411,0
710位,,霊術師,わらい,411,0
711位,,霊術師,ﾗﾍﾞﾝﾀﾞｰ,410,0
712位,,霊術師,ほろよい,409,0
713位,,霊術師,Luki☆LUKI,408,0
714位,,闘士,姫々,407,0
715位,,霊術師,おねえちゃん,407,0
716位,,闘士,えいこ,406,0
717位,,霊術師,Vesania,404,0
718位,,闘士,きゅーふん,403,0
719位,,霊術師,カマキリ系女子,402,2
720位,,闘士,Artesia,401,0
721位,,闘士,ベスティア,401,0
722位,,霊術師,klkl0i,400,0
723位,,霊術師,ロハ1,397,0
724位,,霊術師,深青,389,0
725位,,霊術師,ルーラ,388,0
726位,,闘士,とうし,387,0
727位,,霊術師,もえみん＠,385,0
728位,,闘士,ぺりー,379,0
729位,,霊術師,宵姫☆彡,372,0
730位,,闘士,fraxion,370,1
731位,,霊術師,霊術です,368,0
732位,,霊術師,キタっしーⅡ,367,0
733位,,霊術師,オドリ,365,0
734位,,霊術師,捨て☆キング,364,0
735位,,闘士,ぼこを,363,0
736位,,闘士,マーズ,361,0
737位,,霊術師,音♪,358,0
738位,,霊術師,BEKOBEKO,357,0
739位,,霊術師,丑三つ時ｻｲﾄﾞﾁｪｽﾄ,356,0
740位,,霊術師,とんとん拍子,355,0
741位,,霊術師,海森ちゆ,355,0
742位,,霊術師,てすと３３０,354,0
743位,,闘士,クオン,353,0
744位,,闘士,透視,352,0
745位,,霊術師,乱ちゃん,350,0
746位,,霊術師,見た目ストライク,350,0
747位,,闘士,燃焼系,349,0
748位,,霊術師,乱乱ちゃん,349,0
749位,,霊術師,reina666,347,0
750位,,霊術師,れいやん,346,0
751位,,闘士,GRANMAHINA,344,0
752位,,霊術師,moch2,339,0
753位,,闘士,徒丑,338,0
754位,,闘士,和音ポイント,337,0
755位,,霊術師,あやみ,337,0
756位,,闘士,MoMoYu,335,0
757位,,闘士,アズス,334,0
758位,,霊術師,経世済民,333,0
759位,,霊術師,ハルカ,333,0
760位,,霊術師,理香子type1,332,0
761位,,闘士,スパイスガール,330,0
762位,,闘士,なぽっと,330,0
763位,,闘士,cxzx,329,0
764位,,闘士,ナニワ金融道,328,0
765位,,闘士,龍宮時堅,323,0
766位,,霊術師,あざれあ,323,0
767位,,闘士,once,322,0
768位,,闘士,しぇりちゃま,322,0
769位,,霊術師,洋司５,320,2
770位,,霊術師,Syrm4,318,0
771位,,闘士,爪でガッとね,317,0
772位,,霊術師,山葵海苔子,313,0
773位,,霊術師,Pyonpyon,313,0
774位,,霊術師,しょー,311,1
775位,,闘士,セリコ,311,0
776位,,闘士,Toshi_one,310,0
777位,,霊術師,ぽよぽよ,310,0
778位,,霊術師,雪鳴陰,308,0
779位,,霊術師,hirobu,308,0
780位,,霊術師,霊霊ちゃん,307,0
781位,,闘士,umisao,306,0
782位,,霊術師,霊ちゃん,304,0
783位,,霊術師,まゆみれい,304,0
784位,,霊術師,ヘロインレディ,304,0
785位,,霊術師,sukonbu,302,0
786位,,霊術師,おもひでﾎﾟﾛﾎﾟﾛ,302,0
787位,,闘士,ごっつぁんですわ,300,0
788位,,霊術師,でゅくし,300,0
789位,,霊術師,朝右衛門,300,0
790位,,霊術師,＠もゆゆ＠,300,0
791位,,霊術師,エプそん,297,0
792位,,霊術師,HINE,297,0
793位,,霊術師,焼きそばパン,297,0
794位,,霊術師,高原組☆霊術師,291,0
795位,,霊術師,まゆあきれい,290,0
796位,,霊術師,冒険団コイン,289,0
797位,,闘士,たねこ,286,0
798位,,霊術師,まさる００１,286,0
799位,,霊術師,将茜れい,283,0
800位,,霊術師,sakuyu,281,0
801位,,闘士,SAAS,280,0
802位,,霊術師,エルフの使いです,279,0
803位,,霊術師,ぴぴちゃ,279,0
804位,,霊術師,れい,277,0
805位,,闘士,ヤット,275,0
806位,,霊術師,レーヴァテイン,274,0
807位,,闘士,ヴィーネ,273,0
808位,,闘士,パワーさん,273,0
809位,,霊術師,迷子ちゃん,273,0
810位,,闘士,物理闘士,266,0
811位,,闘士,nakamaro999,265,0
812位,,霊術師,麦茶ラテ,264,0
813位,,霊術師,metaru82,263,0
814位,,霊術師,偽恋,261,0
815位,,霊術師,鈴鈴,260,0
816位,,闘士,樹海のナディア,259,0
817位,,霊術師,Haddie_R,255,0
818位,,霊術師,奏蝉,255,0
819位,,霊術師,物理霊術,255,0
820位,,霊術師,しーれい,255,0
821位,,闘士,影刃,250,0
822位,,闘士,しゅいろ,246,0
823位,,霊術師,ニムントール,246,0
824位,,闘士,Marvel,244,0
825位,,霊術師,青髭のティーチ,243,0
826位,,霊術師,セカンド,243,0
827位,,闘士,3gou,238,0
828位,,霊術師,クマなのクマアア,236,0
829位,,闘士,レイン＝ロウ,235,0
830位,,霊術師,govtDogg,235,0
831位,,霊術師,ran6,235,0
832位,,霊術師,おぬちゃん,233,0
833位,,霊術師,jet3,232,0
834位,,霊術師,ルイヴォス,232,0
835位,,闘士,ファル,226,0
836位,,霊術師,sept,226,0
837位,,霊術師,空き真弓真麻,225,0
838位,,霊術師,れいじゅちゅし,225,0
839位,,霊術師,Re：C2,224,0
840位,,霊術師,秋赤霊,223,0
841位,,霊術師,金の不倶戴天,223,0
842位,,霊術師,NoirCat,223,0
843位,,闘士,闘士,213,0
844位,,闘士,yoin,213,0
845位,,霊術師,ナツ,213,0
846位,,闘士,けぇたん,212,0
847位,,闘士,哀川潤,210,0
848位,,闘士,ちゃとら,209,0
849位,,闘士,iroha☆,209,0
850位,,闘士,闘士ッ,206,0
851位,,霊術師,NewSummerOrange,205,0
852位,,霊術師,滅刃ディノ,205,0
853位,,霊術師,crocs,204,0
854位,,闘士,T120_Return,203,0
855位,,闘士,＝ハスコ＝,203,0
856位,,霊術師,秋麻友真麻～,202,0
857位,,霊術師,ノウラ,202,0
858位,,霊術師,カマンベール,201,0
859位,,霊術師,はるまき,201,0
860位,,霊術師,一攫千金,200,0
861位,,闘士,零崎愛織,198,0
862位,,闘士,田舎の霊術師,198,0
863位,,闘士,プレキル,197,0
864位,,霊術師,Truth_red_apple,195,0
865位,,闘士,天雲雀,192,0
866位,,霊術師,かるらん,192,0
867位,,霊術師,レイジュ,191,0
868位,,霊術師,黑霊,191,0
869位,,霊術師,月読命,188,0
870位,,闘士,ジョージア,186,0
871位,,闘士,わんだー,186,0
872位,,霊術師,暗礁番号は8005,186,0
873位,,霊術師,kawarashi,186,0
874位,,闘士,にゃーにゃー♪,185,0
875位,,霊術師,絶死絶命,182,0
876位,,霊術師,マスタｧ☆ぶらMe,180,0
877位,,霊術師,Be4n_SA,179,0
878位,,霊術師,NNNNNNN,179,0
879位,,霊術師,レッドタイガー,176,0
880位,,霊術師,ちゃがまん,173,0
881位,,闘士,西京風,171,0
882位,,闘士,tosi,171,0
883位,,霊術師,酔いどれｲﾝｻﾞｽｶｲ,171,0
884位,,闘士,スライムマニア,170,0
885位,,闘士,爪痕残す江頭,170,0
886位,,闘士,風凛,169,0
887位,,霊術師,HIP_kuma,169,0
888位,,霊術師,おるたー,167,0
889位,,闘士,reijutu,166,0
890位,,闘士,あああああああ,165,0
891位,,霊術師,幸茜,165,0
892位,,霊術師,でぶ霊術師,165,0
893位,,闘士,あややねるぅ,164,0
894位,,霊術師,揖保乃糸,163,0
895位,,闘士,みれい,160,0
896位,,闘士,わかめのみそしる,159,0
897位,,闘士,DizzySun,159,0
898位,,霊術師,倉庫真由美,157,0
899位,,闘士,shunT,156,0
900位,,霊術師,シンメトリア,155,0
901位,,霊術師,〆渚那姫〆,155,0
902位,,闘士,KeyArt,154,0
903位,,闘士,rrrr,153,0
904位,,霊術師,ロック,153,0
905位,,闘士,▼魔闘士▼,151,0
906位,,闘士,卍燕返し,149,0
907位,,闘士,BlackLotus,146,0
908位,,闘士,レイズ,146,0
909位,,霊術師,MC浜崎,145,0
910位,,霊術師,太股,143,0
911位,,霊術師,RSしりとり,138,0
912位,,霊術師,プロボックス,135,0
913位,,闘士,ピーナッツくん,134,0
914位,,闘士,大蜘蛛,134,0
915位,,霊術師,タリーズ,130,0
916位,,霊術師,脳みそハロウィン,129,0
917位,,闘士,mochimochi,127,0
918位,,霊術師,ライラック,127,0
919位,,霊術師,鬼ちゃん,127,0
920位,,霊術師,BLUE,126,0
921位,,闘士,とあ,124,0
922位,,霊術師,うーたん,124,0
923位,,闘士,ハーツ5,123,0
924位,,霊術師,れいてゃん,123,0
925位,,闘士,リヤハ,121,0
926位,,霊術師,Rerni,120,0
927位,,闘士,しおにき,118,0
928位,,闘士,RINGOLP,118,0
929位,,闘士,結女波,116,0
930位,,闘士,湘南,116,0
931位,,霊術師,お砂場遊び,116,0
932位,,霊術師,ささ鎌,116,0
933位,,闘士,もるもる,115,0
934位,,霊術師,Thanks2,113,0
935位,,闘士,Apex_改変,112,0
936位,,霊術師,ＳＩＬＡＳ,112,0
937位,,霊術師,kuma,112,0
938位,,霊術師,ノクチマンサー,111,0
939位,,闘士,raaea,110,0
940位,,霊術師,青いあんこ,110,0
941位,,霊術師,チャイティ,109,0
942位,,霊術師,scsuzukiq,109,0
943位,,霊術師,ゴムバンド英二,109,0
944位,,闘士,ちー。,108,0
945位,,闘士,arucen,108,0
946位,,霊術師,ﾁｮｺﾑｰｽ,108,0
947位,,霊術師,メルアリア,108,0
948位,,霊術師,将来闘士,108,0
949位,,闘士,凍死,106,0
950位,,霊術師,だいふくたん,106,0
951位,,霊術師,No036,104,0
952位,,霊術師,クライブ,103,0
953位,,闘士,かえるちゃん,102,0
954位,,霊術師,まゆみろと大和,102,0
955位,,霊術師,セクシー霊術師,102,0
956位,,闘士,Noir__,101,0
957位,,霊術師,とおおおおおし,101,0
958位,,霊術師,霊2023,101,0
959位,,闘士,プリンP,100,0
960位,,霊術師,TATSU9293,100,0
961位,,霊術師,mayo,100,0
