1位,,アルケミスト,ちゃん☆ぽん,1693,5
2位,,アルケミスト,レミニセンス,1645,5
3位,,アルケミスト,littlepool,1621,5
4位,,マスケッティア,どんの助,1611,5
5位,,アルケミスト,わぶけみ,1594,5
6位,,アルケミスト,ソースあじ,1577,5
7位,,アルケミスト,三玖♪,1574,5
8位,,アルケミスト,移動する点Ｐ,1570,5
9位,,アルケミスト,ﾁｮｴｲ！,1465,5
10位,,マスケッティア,δsnowδ,1460,5
11位,,アルケミスト,3月9日,1433,5
12位,,アルケミスト,inochemist,1427,5
13位,,アルケミスト,五月♪,1400,5
14位,,アルケミスト,fabo,1381,5
15位,,アルケミスト,へみそふぃあ,1375,5
16位,,マスケッティア,あんよはじょうず,1316,5
17位,,アルケミスト,bsk仮面,1306,5
18位,,アルケミスト,嶋太郎,1302,5
19位,,アルケミスト,ブラハが至高,1278,5
20位,,アルケミスト,H4M10,1276,5
21位,,アルケミスト,ソクラテスン,1276,5
22位,,マスケッティア,ちしオジ,1271,5
23位,,アルケミスト,STAP,1267,5
24位,,アルケミスト,豚肉大好き幸次郎,1259,5
25位,,アルケミスト,砥夢,1257,0
26位,,アルケミスト,べり地図,1253,5
27位,,アルケミスト,アル・ケ・ミスト,1253,5
28位,,アルケミスト,モロロモルル☆,1251,5
29位,,アルケミスト,MASK_,1251,5
30位,,アルケミスト,双子の兄,1250,5
31位,,マスケッティア,マヌケなマスケ,1250,5
32位,,アルケミスト,つむけみ,1227,5
33位,,アルケミスト,FakerA,1195,5
34位,,アルケミスト,黄金水垂れ男,1180,5
35位,,アルケミスト,Tirofinale,1175,5
36位,,マスケッティア,ナイトホークス,1170,5
37位,,アルケミスト,園原某,1156,5
38位,,アルケミスト,超かるケミ,1142,5
39位,,アルケミスト,トラップマウザー,1141,5
40位,,アルケミスト,ろっくんぽっぷん,1135,5
41位,,アルケミスト,肥後頑固者,1134,5
42位,,アルケミスト,風みるく,1129,5
43位,,アルケミスト,ちび太とおでん,1123,5
44位,,アルケミスト,プルの残留思念,1104,5
45位,,アルケミスト,プラチナプレィグ,1102,5
46位,,アルケミスト,Ｗｉｌｄｗｏｏｄ,1085,3
47位,,アルケミスト,ｺﾙﾄﾞﾝﾌﾞﾙｰ,1079,5
48位,,アルケミスト,JefferyDeLuna,1060,5
49位,,マスケッティア,みにマスケッティ,1060,5
50位,,アルケミスト,肥後随喜,1057,5
51位,,アルケミスト,Jack・Bullet,1054,5
52位,,アルケミスト,はまえる,1051,5
53位,,アルケミスト,nationalのｱﾙｹﾐｽﾄ,1050,5
54位,,アルケミスト,とーかこーかん,1046,5
55位,,アルケミスト,Gauro,1044,5
56位,,アルケミスト,もっちゃむ,1044,5
57位,,アルケミスト,v´・ω・｀v,1042,5
58位,,アルケミスト,中世の医者,1034,5
59位,,アルケミスト,灰燼と化せ,1030,5
60位,,マスケッティア,_ぬるか,1024,5
61位,,マスケッティア,私はチャット苦手,1023,5
62位,,マスケッティア,∬シグマ∬,1022,5
63位,,アルケミスト,ハｰビンジャー,1020,5
64位,,アルケミスト,蠍poq,1018,5
65位,,アルケミスト,ナフタリア,1018,5
66位,,アルケミスト,ヤングガン,1015,5
67位,,アルケミスト,arutt,1013,5
68位,,アルケミスト,うにえもん,1007,5
69位,,アルケミスト,ベルフリード,1006,5
70位,,アルケミスト,アオリスタ,1006,5
71位,,アルケミスト,汚水垂れ流し,1004,5
72位,,アルケミスト,怪しい仮面男,1003,5
73位,,マスケッティア,ムゥ・ラ・サメ,1003,5
74位,,アルケミスト,ψelｌiotψ,1001,4
75位,,アルケミスト,しげますけ,1000,5
76位,,アルケミスト,ちいさめC,1000,5
77位,,アルケミスト,錬金Lord,1000,5
78位,,アルケミスト,ピクピクニンジン,1000,5
79位,,アルケミスト,じぇにぴ,1000,5
80位,,マスケッティア,孫市,996,5
81位,,マスケッティア,賽之河原,996,4
82位,,アルケミスト,鋼の錬金術氏,993,5
83位,,アルケミスト,またきてしかく,993,5
84位,,アルケミスト,＋けんちゃん,993,5
85位,,アルケミスト,さめみすと,992,5
86位,,アルケミスト,†ESPRESSO†,991,5
87位,,アルケミスト,暴かれたゴリラ,991,4
88位,,マスケッティア,HIDE．,989,5
89位,,アルケミスト,ナトレ,984,5
90位,,アルケミスト,ApSlug,982,5
91位,,アルケミスト,鰭足,980,5
92位,,アルケミスト,永遠の連環,978,5
93位,,アルケミスト,風そら,976,5
94位,,アルケミスト,フトアゴヒゲ男,975,5
95位,,アルケミスト,Black_D,974,5
96位,,アルケミスト,クーねるおじさん,973,5
97位,,アルケミスト,♪Dufour♪,973,5
98位,,アルケミスト,アラケム,973,2
99位,,アルケミスト,Varhran,972,5
100位,,アルケミスト,おなすじ,971,5
101位,,アルケミスト,Fourth_Blue,971,5
102位,,アルケミスト,レインマン,971,5
103位,,アルケミスト,☆実験室ひよこ☆,968,5
104位,,アルケミスト,RAFFI,967,5
105位,,アルケミスト,お味噌の錬金術師,967,5
106位,,アルケミスト,ζｻｲﾊﾞﾊﾞζ,967,5
107位,,アルケミスト,ジィール,966,5
108位,,マスケッティア,REDkilyara,966,5
109位,,アルケミスト,キュイジーヌぴよ,965,1
110位,,アルケミスト,ﾛﾄからｴﾝﾁｬ文書,964,5
111位,,アルケミスト,阿笠博士,962,4
112位,,アルケミスト,クリメイトエンド,962,0
113位,,マスケッティア,†海賊コブラ†,962,0
114位,,アルケミスト,綾ちゃまXLS,961,5
115位,,マスケッティア,Sueldo,961,5
116位,,アルケミスト,或契滅斗,959,5
117位,,アルケミスト,まるけみ,957,5
118位,,アルケミスト,ニャンアル,957,5
119位,,アルケミスト,しんじど,956,5
120位,,マスケッティア,KAGEHIKO,955,5
121位,,アルケミスト,Silent_ARC,954,5
122位,,マスケッティア,しろかなぶん,954,5
123位,,マスケッティア,ジェルヴェール,954,5
124位,,アルケミスト,RabbitPlus,953,5
125位,,アルケミスト,暗黒鴉,952,5
126位,,アルケミスト,成金術師,951,5
127位,,アルケミスト,デ～ブ,951,0
128位,,マスケッティア,Eﾊﾞﾚﾝｼｭﾀｲﾝ,950,0
129位,,アルケミスト,Lezard_Valeth,949,5
130位,,アルケミスト,ナンセンス文学,949,3
131位,,アルケミスト,松本地図お,948,1
132位,,アルケミスト,らにゅー,947,5
133位,,マスケッティア,名無しの男,947,0
134位,,アルケミスト,トレヴィス,946,5
135位,,アルケミスト,ひろお．,946,5
136位,,マスケッティア,seijiji,946,5
137位,,アルケミスト,Arche_mist,946,1
138位,,アルケミスト,はんなり㌃,945,5
139位,,アルケミスト,れっどけみ☆,945,4
140位,,アルケミスト,果心☆居士,944,5
141位,,マスケッティア,ザビタン,944,5
142位,,アルケミスト,あるけみりすと,943,5
143位,,アルケミスト,ﾊﾏﾔｷｲﾁﾊﾞﾝ,943,5
144位,,アルケミスト,プペル,943,5
145位,,マスケッティア,ユニークおやじ,943,5
146位,,マスケッティア,ブレンフォーゲル,943,5
147位,,アルケミスト,Reinmegumi,942,5
148位,,アルケミスト,яакiа,942,5
149位,,アルケミスト,タブラさん,941,5
150位,,アルケミスト,アルケミスタ,941,5
151位,,アルケミスト,Ketzer,941,5
152位,,アルケミスト,あーたる,941,3
153位,,アルケミスト,そう蟻です！,940,5
154位,,アルケミスト,ロカルノ,940,3
155位,,アルケミスト,ケアリアル,939,5
156位,,マスケッティア,PALL_MALL,939,5
157位,,アルケミスト,ぱいせんOP＋♪,939,4
158位,,アルケミスト,bashar28,939,0
159位,,アルケミスト,アベスト,938,5
160位,,マスケッティア,Alfa_Romeo,938,5
161位,,アルケミスト,アヴィケブロン,937,5
162位,,アルケミスト,Nenekoen,937,5
163位,,アルケミスト,現代語訳,937,5
164位,,マスケッティア,チーム鯱,937,5
165位,,マスケッティア,bloody_rain,937,5
166位,,マスケッティア,ゴルゴ１３？,936,5
167位,,アルケミスト,ケルミ,936,1
168位,,アルケミスト,Ｒ＆ＤⅤ,935,5
169位,,アルケミスト,あるけみ（・ω・,935,3
170位,,アルケミスト,元素番号２５,935,1
171位,,マスケッティア,アクセルラッシュ,935,0
172位,,アルケミスト,リプルタイド,934,5
173位,,アルケミスト,ユキハム,934,5
174位,,アルケミスト,バン・ジャック,934,5
175位,,アルケミスト,メンフクロウ,934,5
176位,,マスケッティア,錦あすみ,934,5
177位,,アルケミスト,うーさーぎっつ,933,5
178位,,マスケッティア,SchwarzerHase,933,5
179位,,アルケミスト,タティ,933,4
180位,,アルケミスト,毒災者,932,5
181位,,マスケッティア,事代作吾,932,2
182位,,アルケミスト,もっちーG,931,5
183位,,アルケミスト,おおこわいこわい,931,5
184位,,アルケミスト,錬金社長,931,5
185位,,マスケッティア,MaestroCurtis,931,5
186位,,マスケッティア,ちいさめB,931,5
187位,,マスケッティア,テランガ,931,5
188位,,アルケミスト,佐々木眸美,931,1
189位,,アルケミスト,HTZ1,930,5
190位,,アルケミスト,アルケミスタン,930,5
191位,,マスケッティア,マスケッティア？,930,5
192位,,マスケッティア,Van_Der_Graaf,930,5
193位,,アルケミスト,やる気ないオヤジ,930,4
194位,,アルケミスト,ゼムリボルバー,929,5
195位,,アルケミスト,わぶちゃっか,929,5
196位,,アルケミスト,焔霞霧夜,929,5
197位,,マスケッティア,ひぐまさん,929,5
198位,,アルケミスト,ZeroBlue,928,5
199位,,マスケッティア,ﾋﾟｰﾅｯﾂｼﾞｬﾑ,928,5
200位,,マスケッティア,みゃーすけ,928,5
201位,,アルケミスト,卓上の傍観者,928,0
202位,,アルケミスト,グラムナート,928,0
203位,,アルケミスト,背信者ニュートン,927,5
204位,,アルケミスト,アッティケマス,927,5
205位,,アルケミスト,たぬまる,927,5
206位,,アルケミスト,アルテミスさん,927,5
207位,,アルケミスト,ﾊﾞｯｸﾄｩｰｻﾞﾃｨｰﾁｬｰ,927,5
208位,,マスケッティア,ＰＨ∞ＳＯⅣ,927,5
209位,,アルケミスト,どんチャン☆,927,3
210位,,アルケミスト,☆ミラクル,926,4
211位,,アルケミスト,パイセン．com,926,4
212位,,アルケミスト,ﾆｭｰﾛﾆｽﾄ･P,926,2
213位,,アルケミスト,冬瓜侍,926,2
214位,,アルケミスト,牛タン炙り,926,0
215位,,アルケミスト,ｽﾀﾝﾋﾞｰﾄﾞ,925,5
216位,,アルケミスト,suzu’,925,5
217位,,アルケミスト,闇の道化師ｴﾋﾟﾀﾌ,925,5
218位,,アルケミスト,王室の強堅,925,5
219位,,マスケッティア,キムマス,925,5
220位,,アルケミスト,か～まちゃ☆彡,925,4
221位,,マスケッティア,パカルガモ,925,0
222位,,アルケミスト,濡れ烏,924,5
223位,,アルケミスト,三度目の正直,924,5
224位,,アルケミスト,ふふもふ,924,5
225位,,マスケッティア,千年幻想郷,924,5
226位,,アルケミスト,Remini,923,5
227位,,マスケッティア,ｺﾞｰﾙﾄﾞｱﾙﾃｨﾏｽ,923,5
228位,,アルケミスト,しっぽ１,923,4
229位,,マスケッティア,AMDRAD,923,4
230位,,アルケミスト,ジョルマーニ,923,3
231位,,マスケッティア,小日向文世,923,2
232位,,アルケミスト,⑦けんちゃん⑦,923,0
233位,,アルケミスト,源泉かけ流しＭＪ,922,5
234位,,アルケミスト,ﾁｮｲ悪ｱﾙｹﾐ,922,4
235位,,アルケミスト,トンネル,922,4
236位,,アルケミスト,セルフケア,922,2
237位,,アルケミスト,ﾝｷﾞﾓﾁｨｨｨｨ,921,5
238位,,マスケッティア,まさや～ん,921,5
239位,,アルケミスト,吉田君☆彡,921,4
240位,,マスケッティア,KEI1,921,3
241位,,アルケミスト,闇の鏡,921,1
242位,,アルケミスト,†轆轤†,921,1
243位,,アルケミスト,ﾃﾞｨｱ・ｸﾛｳﾘｰ,921,1
244位,,アルケミスト,ﾊﾟﾝｹｰｷおじさん,920,5
245位,,アルケミスト,炎の舞王,920,5
246位,,アルケミスト,Drウエスト,920,5
247位,,アルケミスト,☆☆カイト,920,5
248位,,アルケミスト,ﾌﾞﾗｯｸｻﾝ☆ﾎﾞﾙﾄ,920,5
249位,,アルケミスト,ぶりー♪,920,3
250位,,アルケミスト,YogSothoth☆,920,0
251位,,アルケミスト,錬金術の兵,920,0
252位,,アルケミスト,禁忌への探求,919,5
253位,,アルケミスト,焼肉奉行,919,5
254位,,アルケミスト,♪～龍司～♪,919,5
255位,,アルケミスト,亜留毛,919,5
256位,,マスケッティア,銃士ぱっち,919,5
257位,,アルケミスト,マヌケミスト,919,3
258位,,アルケミスト,ジーンブルー,919,0
259位,,アルケミスト,さむ・あろ,918,5
260位,,アルケミスト,アルアルケミスト,918,5
261位,,マスケッティア,プレストン,918,5
262位,,マスケッティア,３６．５℃,918,5
263位,,マスケッティア,獅子☆,918,5
264位,,アルケミスト,BlackReromu,918,4
265位,,アルケミスト,Argento♪,918,3
266位,,アルケミスト,あるけみん☆,917,5
267位,,アルケミスト,ねぎ○抜き,917,5
268位,,アルケミスト,Ｌouis_Ａuguste,917,5
269位,,マスケッティア,☆デニーロ☆,917,5
270位,,マスケッティア,おっさんだぜ,917,5
271位,,アルケミスト,hypersomnia,917,4
272位,,アルケミスト,二咫烏,917,3
273位,,マスケッティア,ｽﾝｽﾝ,917,3
274位,,アルケミスト,☆ニール☆,917,2
275位,,アルケミスト,mimiAL,916,5
276位,,アルケミスト,胡散くさいヤツ,916,5
277位,,アルケミスト,miniature,916,5
278位,,アルケミスト,あやけみ,916,5
279位,,アルケミスト,つよし。,916,3
280位,,アルケミスト,divider996β,916,3
281位,,アルケミスト,みずりむ,915,5
282位,,アルケミスト,νアルカンシェル,915,5
283位,,アルケミスト,桃螢,914,5
284位,,アルケミスト,B鯖のﾎﾞﾗｷﾞﾉｰﾙ☆,914,5
285位,,アルケミスト,Abus,914,5
286位,,アルケミスト,Мー２１,914,5
287位,,アルケミスト,ヤシガニ王子,914,5
288位,,アルケミスト,背中は任せな！,914,4
289位,,マスケッティア,ツムジスト,914,4
290位,,アルケミスト,曲直瀬,914,1
291位,,アルケミスト,龍の錬金術師,914,0
292位,,アルケミスト,いぬのかがく,914,0
293位,,マスケッティア,§TEQUILA§,914,0
294位,,アルケミスト,撒き散らすぞ,913,5
295位,,アルケミスト,サテュラム,913,5
296位,,アルケミスト,AfterTheRain,913,5
297位,,アルケミスト,寿司三昧,913,5
298位,,マスケッティア,桃笑,913,5
299位,,アルケミスト,水鯖の猫,913,4
300位,,アルケミスト,爆破物処理班班長,913,4
301位,,マスケッティア,紅月_akatsuki,913,4
302位,,アルケミスト,ゴリ②おやじ,913,3
303位,,アルケミスト,回天魚雷,913,3
304位,,アルケミスト,月火水毒菌,913,2
305位,,アルケミスト,すうぃふこ,913,0
306位,,アルケミスト,GoldSmith,913,0
307位,,マスケッティア,赤銃,913,0
308位,,マスケッティア,ガンマン野郎,913,0
309位,,アルケミスト,miniRemini,912,5
310位,,アルケミスト,ぷくー,912,5
311位,,アルケミスト,辛辣,912,5
312位,,マスケッティア,撃った事ないです,912,5
313位,,アルケミスト,稲光戦く沙汰,912,3
314位,,アルケミスト,あるけぇみすと,912,3
315位,,アルケミスト,純白連勤死,912,2
316位,,アルケミスト,ｱﾙ･ﾗｰ･ﾆﾊｰﾔ,912,1
317位,,アルケミスト,火炎瓶,912,0
318位,,マスケッティア,リエージュ,912,0
319位,,マスケッティア,ロゼフォルド,912,0
320位,,アルケミスト,ike☆numa,911,5
321位,,アルケミスト,うんでぃーね,911,5
322位,,アルケミスト,アルキキ,911,4
323位,,アルケミスト,☆紫影,911,2
324位,,アルケミスト,デュリオン,911,2
325位,,アルケミスト,ﾃﾞｨｴｺﾞ・ﾏﾗﾄﾞｰﾅ,911,1
326位,,アルケミスト,ムリーヤ,911,0
327位,,アルケミスト,ﾆｰﾅとｱﾚｷｻﾝﾀﾞｰ,910,5
328位,,アルケミスト,ペアハート,910,5
329位,,アルケミスト,☆リトム☆,910,5
330位,,アルケミスト,はつさん,910,5
331位,,マスケッティア,裏吉川,910,5
332位,,マスケッティア,ベルーガ,910,5
333位,,マスケッティア,☆Vepar☆,910,5
334位,,マスケッティア,スナイパー☆セナ,910,5
335位,,アルケミスト,Alchemia,910,4
336位,,アルケミスト,あじゅきぃ,910,4
337位,,マスケッティア,ジーンロア,910,0
338位,,アルケミスト,アルKミスト,909,5
339位,,アルケミスト,ふぃおね,909,5
340位,,アルケミスト,カオスカラミティ,909,5
341位,,マスケッティア,ﾌﾞﾗﾝｹｯﾄ,909,5
342位,,マスケッティア,まぬけってぃあ,909,5
343位,,マスケッティア,ハイボールダブル,909,5
344位,,アルケミスト,万萬饅幡満,909,4
345位,,アルケミスト,ﾃﾞｽﾊﾞｲﾘﾎﾞﾙﾊﾞｰ,909,4
346位,,マスケッティア,パンパンロック,909,4
347位,,マスケッティア,シソシド,909,4
348位,,マスケッティア,エデソン,909,4
349位,,アルケミスト,bskのお供,909,3
350位,,アルケミスト,かき氷☆葡萄,909,2
351位,,アルケミスト,魔界幼女ダフネ,909,1
352位,,マスケッティア,サットG,909,0
353位,,アルケミスト,あきひめ＠,908,5
354位,,アルケミスト,ﾌｧﾝﾄﾑ・痔・ｵﾍﾟﾗ,908,5
355位,,アルケミスト,♪おじちゃん♪,908,5
356位,,アルケミスト,ももむぎ,908,5
357位,,アルケミスト,いちたりない,908,5
358位,,アルケミスト,ｵﾌ会0人丘people,908,5
359位,,マスケッティア,草摩夾（姉）。,908,5
360位,,アルケミスト,チンピラ文鳥,908,4
361位,,マスケッティア,ﾍﾟﾝﾍﾟﾝﾗｯｼｭ,908,4
362位,,アルケミスト,五郎麻呂,908,3
363位,,アルケミスト,Raltis,908,2
364位,,アルケミスト,Red☆,907,5
365位,,アルケミスト,椎名真昼,907,5
366位,,アルケミスト,サーフィング,907,5
367位,,アルケミスト,アワーガン,907,2
368位,,アルケミスト,Cafe※Au※Lait,907,2
369位,,マスケッティア,Altosk,907,2
370位,,アルケミスト,ケミカルの泡立ち,907,0
371位,,アルケミスト,§VODKA§,907,0
372位,,アルケミスト,らぶけみ♪,907,0
373位,,アルケミスト,THE倉庫番②,906,5
374位,,アルケミスト,つっぺるん,906,5
375位,,アルケミスト,あやまん＊,906,5
376位,,アルケミスト,貝塚勃起ブラハ,906,5
377位,,アルケミスト,S＆W,906,5
378位,,マスケッティア,ﾊﾞﾝﾊﾞﾝ,906,5
379位,,マスケッティア,雑賀Δ孫一,906,5
380位,,アルケミスト,マグナム,906,4
381位,,アルケミスト,ファウスト16世,906,3
382位,,アルケミスト,郭淮伯済,906,3
383位,,アルケミスト,隠した空箱,906,2
384位,,アルケミスト,あるふぁみすと,906,2
385位,,アルケミスト,ふぁいら,906,1
386位,,アルケミスト,プレドミナル佑,906,1
387位,,アルケミスト,アルケミしてます,906,1
388位,,アルケミスト,理玖－Riku－,906,0
389位,,アルケミスト,Bla☆,906,0
390位,,アルケミスト,燃料投下,906,0
391位,,マスケッティア,ΣタウルスΣ,906,0
392位,,アルケミスト,‡Mwam,905,5
393位,,アルケミスト,器用貧乏代表,905,5
394位,,マスケッティア,ラキティッチ,905,5
395位,,アルケミスト,ローションα,905,4
396位,,マスケッティア,ファニング†,905,4
397位,,アルケミスト,花承条城伍,905,3
398位,,アルケミスト,やリクリ,905,3
399位,,アルケミスト,☆灰影,905,2
400位,,アルケミスト,118倍,905,1
401位,,アルケミスト,merokun4,905,0
402位,,アルケミスト,NiceGay,905,0
403位,,マスケッティア,数打てば当たる,905,0
404位,,マスケッティア,やどりん,905,0
405位,,マスケッティア,オアシスちゃん,905,0
406位,,アルケミスト,ユイット・カイン,904,5
407位,,アルケミスト,スペードのⅠ,904,5
408位,,マスケッティア,ﾛﾄﾆｰ・ﾌﾗｯﾃﾘｰ,904,5
409位,,アルケミスト,腕に自身あり,904,4
410位,,アルケミスト,真夏ちゃん,904,3
411位,,アルケミスト,MyLord,904,2
412位,,アルケミスト,鬼殺隠密,904,2
413位,,マスケッティア,エスピンガルダ,904,2
414位,,アルケミスト,流星☆キセキ,904,1
415位,,マスケッティア,日野警部補22,904,1
416位,,アルケミスト,トッシー．Jｒ．,904,0
417位,,アルケミスト,ぶんぶくちゃがま,904,0
418位,,アルケミスト,蒼ノ姫,903,5
419位,,アルケミスト,TogeToge,903,5
420位,,マスケッティア,飲み頃ﾌｧｲｱｰ,903,5
421位,,マスケッティア,ｼﾞｮｾﾌｨﾇｼﾞｮｰｶｰｽﾞ,903,5
422位,,マスケッティア,ばすたー,903,5
423位,,アルケミスト,K0TaSyaN,903,4
424位,,アルケミスト,理想送り,903,4
425位,,アルケミスト,FireDrift,903,3
426位,,アルケミスト,モザエモン,903,2
427位,,マスケッティア,sumikko,903,2
428位,,アルケミスト,Londe,903,0
429位,,アルケミスト,天羆,903,0
430位,,アルケミスト,ミストア,903,0
431位,,アルケミスト,燃える天空,903,0
432位,,アルケミスト,CandyAL,903,0
433位,,アルケミスト,まみとけあ,902,5
434位,,アルケミスト,ジョン・ウィック,902,5
435位,,アルケミスト,くな＝,902,5
436位,,アルケミスト,pooonta,902,5
437位,,マスケッティア,10ｃｍの爆弾,902,5
438位,,マスケッティア,ナヴァラン,902,5
439位,,アルケミスト,・。・。・。,902,4
440位,,アルケミスト,FoolsIdol,902,4
441位,,アルケミスト,走れメロス！,902,4
442位,,マスケッティア,yugo_four,902,4
443位,,アルケミスト,青椒肉絲♪,902,3
444位,,アルケミスト,ヒッセン,902,3
445位,,アルケミスト,カークウッド,902,2
446位,,マスケッティア,GiulianoGemma,902,2
447位,,アルケミスト,月の虚,902,1
448位,,マスケッティア,ムスケテール,902,0
449位,,マスケッティア,アグッチ,902,0
450位,,アルケミスト,CardinalGorilla,901,5
451位,,アルケミスト,銃リカルド銃,901,5
452位,,マスケッティア,ペヤング極激辛F,901,5
453位,,マスケッティア,☆暁のガンマン☆,901,5
454位,,マスケッティア,伝説のぷりん,901,5
455位,,アルケミスト,ﾊﾞｰﾆﾝｸﾞﾌｧｲﾀｰ,901,4
456位,,アルケミスト,bankbank,901,4
457位,,アルケミスト,θかんてらθ,901,4
458位,,アルケミスト,ﾍﾝﾘｰ･ﾌﾞﾗｯｸﾊﾞｰﾝ,901,4
459位,,マスケッティア,重視,901,4
460位,,アルケミスト,はらたいらー,901,3
461位,,アルケミスト,ナグ◎ﾏｽｱﾙ,901,2
462位,,アルケミスト,ブ夕,901,2
463位,,アルケミスト,魔界幼女あやか,901,1
464位,,アルケミスト,ぐろこ,901,0
465位,,アルケミスト,エンドルーア,901,0
466位,,マスケッティア,U・M,901,0
467位,,アルケミスト,アリケト,900,5
468位,,アルケミスト,水錬曹長,900,5
469位,,アルケミスト,Schiesen,900,5
470位,,アルケミスト,ちさみ,900,5
471位,,アルケミスト,イニュラ,900,5
472位,,アルケミスト,バギーラ,900,5
473位,,マスケッティア,トリンドル玲奈,900,5
474位,,マスケッティア,お尻にヘルペス,900,5
475位,,アルケミスト,双子の負けだよ,900,4
476位,,アルケミスト,☆☆夕波千鳥☆☆,900,4
477位,,アルケミスト,△Tomo△,900,4
478位,,アルケミスト,マディエン,900,4
479位,,アルケミスト,ごましおハンター,900,4
480位,,マスケッティア,歩三の高橋中尉,900,4
481位,,マスケッティア,チェリシェフ,900,4
482位,,アルケミスト,γ長月γ,900,3
483位,,アルケミスト,LibraryOfCongres,900,3
484位,,アルケミスト,§REOL§,900,3
485位,,マスケッティア,BreakDance,900,3
486位,,アルケミスト,おってまー,900,2
487位,,アルケミスト,†ダークパンサー,900,1
488位,,マスケッティア,ソースビーム,900,1
489位,,アルケミスト,等価交換するよ,900,0
490位,,アルケミスト,ののた,900,0
491位,,アルケミスト,ネットフリックス,900,0
492位,,アルケミスト,万年プラチナⅣ,900,0
493位,,アルケミスト,石熊,900,0
494位,,アルケミスト,タスケミ,900,0
495位,,アルケミスト,ドクベニタケ,900,0
496位,,アルケミスト,ろたり,900,0
497位,,アルケミスト,うにえもんず,900,0
498位,,アルケミスト,ｱﾙｹｨ,900,0
499位,,マスケッティア,okacha5,900,0
500位,,アルケミスト,psr_,899,4
501位,,マスケッティア,ボブケッティア,899,4
502位,,アルケミスト,予言の稲妻,899,3
503位,,アルケミスト,∽Skuld∽,899,2
504位,,アルケミスト,ハンムラビ砲・天,899,1
505位,,アルケミスト,クオ様すこ倶楽部,899,1
506位,,アルケミスト,きちち,899,0
507位,,アルケミスト,大五郎9,899,0
508位,,マスケッティア,GUN～SMOKE,899,0
509位,,アルケミスト,ｴﾃﾞｨ・ﾌﾞﾛｯｸ,898,4
510位,,マスケッティア,楊大銃,898,4
511位,,アルケミスト,ベストマッチⅡ,898,0
512位,,マスケッティア,徳野,898,0
513位,,アルケミスト,妙楽の人,897,4
514位,,アルケミスト,チャッカ男爵,897,3
515位,,アルケミスト,Forli,897,0
516位,,マスケッティア,ナベネコ,897,0
517位,,マスケッティア,ビルバック,897,0
518位,,アルケミスト,震える刃,896,4
519位,,アルケミスト,お薬屋さんです,896,4
520位,,アルケミスト,伝説のプリオ,896,4
521位,,アルケミスト,中嶋正義,896,3
522位,,アルケミスト,クロムメッキ,896,0
523位,,アルケミスト,彩宇奈,896,0
524位,,アルケミスト,舐舐麻,896,0
525位,,アルケミスト,レインドルフ,896,0
526位,,マスケッティア,finalshot,896,0
527位,,マスケッティア,ﾃﾞｨｱｽﾗｸﾞ2,896,0
528位,,アルケミスト,わとそんふぁいあ,895,4
529位,,アルケミスト,メーカーズマーク,895,4
530位,,アルケミスト,最速マン３,895,3
531位,,マスケッティア,こんどる,895,3
532位,,アルケミスト,おっさ↑ん↓,895,2
533位,,アルケミスト,σクオ様すこσ,895,1
534位,,アルケミスト,カプリコル,895,0
535位,,アルケミスト,パイロマン,894,4
536位,,アルケミスト,りえる金術師,894,4
537位,,アルケミスト,ｼﾞﾝ・ｹﾐｽﾄﾘｰ,894,4
538位,,アルケミスト,マヨケミスト,894,4
539位,,アルケミスト,ニーヴィン,894,4
540位,,マスケッティア,ミナト未来,894,4
541位,,マスケッティア,一撃おじさん,894,4
542位,,アルケミスト,雪国♪,894,3
543位,,アルケミスト,BehindTheMask,894,3
544位,,マスケッティア,拳（2019）,894,3
545位,,アルケミスト,あるんぬ,894,2
546位,,アルケミスト,アメマドイ,894,1
547位,,アルケミスト,くるくるくる,894,0
548位,,アルケミスト,＠水無月＠＠,894,0
549位,,アルケミスト,久留米らーめん,894,0
550位,,アルケミスト,okoteruma,894,0
551位,,マスケッティア,FLORIDA,894,0
552位,,マスケッティア,big_or_small,894,0
553位,,アルケミスト,ドレイヴン。,893,4
554位,,アルケミスト,Borders,893,4
555位,,マスケッティア,帝王,893,4
556位,,マスケッティア,詩月紅葉,893,3
557位,,アルケミスト,アルケミモモンガ,893,0
558位,,アルケミスト,レルブフ,893,0
559位,,マスケッティア,白菜之射手,893,0
560位,,マスケッティア,エストレヤ0007,892,4
561位,,アルケミスト,ｾｲｺﾞﾌｯｺｽｽﾞｷ,892,3
562位,,アルケミスト,オクスリスキー,892,3
563位,,アルケミスト,びんびんちょびん,892,2
564位,,アルケミスト,噛みつき,892,0
565位,,アルケミスト,実験ﾏﾝ,891,4
566位,,アルケミスト,キラーバレット,891,4
567位,,アルケミスト,凄いぞベゲタミン,891,3
568位,,アルケミスト,コンコルド人間,891,3
569位,,アルケミスト,ケミーまっす,891,0
570位,,アルケミスト,アルたけ,890,4
571位,,アルケミスト,ブリ穴,890,4
572位,,マスケッティア,暁兎嬢,890,4
573位,,アルケミスト,麺どくせぇ,890,3
574位,,アルケミスト,GrizzlyBear,890,3
575位,,アルケミスト,SugarTonic,890,1
576位,,アルケミスト,40時間メンテ,890,0
577位,,アルケミスト,Re0Ly,890,0
578位,,アルケミスト,Fillan,890,0
579位,,アルケミスト,楼夥,889,4
580位,,マスケッティア,ＭＡ×ＳＡ,889,4
581位,,マスケッティア,早撃ちモス,889,4
582位,,アルケミスト,B！ravo！！,889,3
583位,,アルケミスト,Cals☆,889,2
584位,,アルケミスト,あるけみすちょ,889,2
585位,,アルケミスト,ﾏｰｶｽ・ﾎｰﾏｰ,888,4
586位,,アルケミスト,ForeverYoung,888,4
587位,,マスケッティア,下衆ヤバ夫！！！,888,4
588位,,アルケミスト,sup_d,888,2
589位,,マスケッティア,なしなし,888,1
590位,,マスケッティア,撃つぞー,888,0
591位,,アルケミスト,スイスイおよケミ,887,4
592位,,アルケミスト,皇乱舞,887,4
593位,,アルケミスト,ベッカムJr,887,4
594位,,アルケミスト,しのちー,887,4
595位,,マスケッティア,MGＹＵＳＡ,887,0
596位,,アルケミスト,9min,886,4
597位,,アルケミスト,キングスレー,886,4
598位,,アルケミスト,科学華,886,4
599位,,アルケミスト,ﾁｮｳ・ﾂﾝ・ﾎｰ,886,3
600位,,アルケミスト,crazyEnv,886,0
601位,,アルケミスト,顧傑,886,0
602位,,アルケミスト,橘一発,886,0
603位,,アルケミスト,ねろ・どく,886,0
604位,,アルケミスト,Feska,886,0
605位,,アルケミスト,Eytan,885,4
606位,,アルケミスト,祐希†☆,885,3
607位,,アルケミスト,金木犀☆彡,885,0
608位,,アルケミスト,ガンコちゃん☆,885,0
609位,,アルケミスト,dokumingo,884,4
610位,,アルケミスト,名前忘れました,884,4
611位,,マスケッティア,Ο兎猫Ο,884,4
612位,,アルケミスト,ドクスカーロック,884,3
613位,,アルケミスト,ジューダス☆,884,1
614位,,アルケミスト,SwiftSteps,883,4
615位,,アルケミスト,新サンダー爺♪,883,4
616位,,マスケッティア,空と君のあいだに,883,4
617位,,マスケッティア,AVAGOODWEEKEND,883,4
618位,,アルケミスト,三郎右衛門,883,2
619位,,アルケミスト,悶絶あびせ,883,2
620位,,マスケッティア,千草☆霞,883,1
621位,,アルケミスト,ﾄﾞｸﾀｰﾌｧﾌﾞ,883,0
622位,,アルケミスト,simauta,883,0
623位,,アルケミスト,トリビアノ,882,4
624位,,アルケミスト,最後の国,881,3
625位,,アルケミスト,ⅹ魁斗ⅹ,881,3
626位,,アルケミスト,finalburn,881,0
627位,,アルケミスト,リシルフィート,880,4
628位,,アルケミスト,二コラ・テスラ,880,4
629位,,アルケミスト,くらのか,880,3
630位,,アルケミスト,白米。,880,3
631位,,マスケッティア,いさぶろう,880,3
632位,,アルケミスト,ポコなっしー,880,2
633位,,アルケミスト,健御火鎚,880,0
634位,,マスケッティア,KissInTheDark,880,0
635位,,マスケッティア,地図1234,880,0
636位,,アルケミスト,LS500,879,0
637位,,マスケッティア,レオウード,879,0
638位,,アルケミスト,ばぶるマン,878,4
639位,,アルケミスト,吉田製作所☆彡,878,3
640位,,アルケミスト,クロルゾキサゾン,878,3
641位,,アルケミスト,金閣＠,878,1
642位,,マスケッティア,ドクササコ,878,0
643位,,アルケミスト,ｸﾚｲトン・ｶｰｼｮｰ,877,4
644位,,マスケッティア,ｼﾞｭﾘｱｰﾉ・ｼﾞｪﾝﾏ,877,4
645位,,マスケッティア,おっさん51,877,3
646位,,アルケミスト,モデルガンマニア,877,2
647位,,マスケッティア,マックＱ,877,0
648位,,アルケミスト,夜空＠STEINER,876,3
649位,,アルケミスト,ダンディ♪,876,2
650位,,アルケミスト,バロケミ,876,1
651位,,アルケミスト,セレブと貧乏太郎,875,3
652位,,アルケミスト,｛とち｝,875,2
653位,,アルケミスト,ｱｰﾙｹﾐｽﾄ,874,4
654位,,マスケッティア,Degtyaryov,874,4
655位,,マスケッティア,カツ丼大盛り,874,4
656位,,マスケッティア,鈴木重秀†,874,4
657位,,マスケッティア,執行者,873,4
658位,,アルケミスト,０５０７,873,0
659位,,アルケミスト,きくじゆてる♪,872,4
660位,,マスケッティア,マヨっ,872,4
661位,,アルケミスト,ドーナドーナ,872,0
662位,,アルケミスト,カメラを止めるな,872,0
663位,,アルケミスト,リコード仮面,871,4
664位,,マスケッティア,テゲスゲッチャガ,870,4
665位,,アルケミスト,ironwing,870,0
666位,,アルケミスト,Gantra,870,0
667位,,アルケミスト,Strike☆Hiero,868,3
668位,,アルケミスト,金＠アルケミスト,867,4
669位,,マスケッティア,麒麟レモンサワー,867,4
670位,,アルケミスト,ニコラ・フラメル,866,3
671位,,アルケミスト,ｴｸｽ・ｸﾗｲﾝ,866,2
672位,,アルケミスト,水あるけみ,866,0
673位,,アルケミスト,十シオン十,865,1
674位,,アルケミスト,RINKER☆彡,865,0
675位,,アルケミスト,黒貝敬介,863,4
676位,,アルケミスト,moltoveloce,863,0
677位,,アルケミスト,時の流れは～,863,0
678位,,マスケッティア,けいわん２,863,0
679位,,アルケミスト,Bersona,862,0
680位,,アルケミスト,３つに割れたお尻,861,3
681位,,アルケミスト,風たん☆ミ,861,0
682位,,アルケミスト,渇望する者,860,1
683位,,アルケミスト,エストレア0001,860,0
684位,,アルケミスト,惡子,858,0
685位,,アルケミスト,だぶろん,857,4
686位,,アルケミスト,ネーパ,857,0
687位,,アルケミスト,ﾌﾞﾛｰｲﾝ・ｾﾞﾌｨｰﾛ,856,2
688位,,アルケミスト,百識,855,3
689位,,アルケミスト,つ０６,854,0
690位,,アルケミスト,りぴん,852,2
691位,,マスケッティア,†キラーパンサー,852,1
692位,,アルケミスト,菜菜ちゃん,851,1
693位,,アルケミスト,§ハーミット§,851,0
694位,,アルケミスト,アルテマサンダー,847,4
695位,,アルケミスト,てっぽー,847,0
696位,,マスケッティア,жAlviSж,847,0
697位,,アルケミスト,juanita,846,2
698位,,アルケミスト,ハバナ・ブラウン,846,0
699位,,アルケミスト,アルK00,842,4
700位,,アルケミスト,HVHVH,842,2
701位,,アルケミスト,ブッカーズ,841,0
702位,,マスケッティア,はんぱない,838,0
703位,,アルケミスト,ｺｺﾛの赴くままに,837,0
704位,,アルケミスト,宇多田ヒカラナイ,836,3
705位,,アルケミスト,ヒエウ,836,2
706位,,アルケミスト,無い毛ミスト,835,2
707位,,マスケッティア,mascot,835,1
708位,,アルケミスト,フォア・マナフ,835,0
709位,,アルケミスト,ペケポン５,832,0
710位,,アルケミスト,永沢家隣人,829,0
711位,,アルケミスト,キャバレー,827,0
712位,,アルケミスト,銭型の師匠,826,0
713位,,アルケミスト,錬金術使,826,0
714位,,アルケミスト,紀伊ミスト,825,1
715位,,アルケミスト,ルルイス,825,0
716位,,アルケミスト,ｧﾙｹﾐｽﾄ,824,3
717位,,アルケミスト,ウル専用倉庫爺,824,3
718位,,アルケミスト,ハルポン１１,823,0
719位,,アルケミスト,八凪☆炎焔,821,2
720位,,アルケミスト,Insigne,821,1
721位,,アルケミスト,ﾁｬｷｯ。,821,0
722位,,マスケッティア,大和Kone,821,0
723位,,アルケミスト,コウノアルケ,818,2
724位,,マスケッティア,ロハおじ,815,3
725位,,マスケッティア,とむきゃっと,815,0
726位,,アルケミスト,EX2世,814,1
727位,,アルケミスト,みちる！,812,4
728位,,アルケミスト,けみたん,812,3
729位,,マスケッティア,Drドリンクバー,812,3
730位,,アルケミスト,最終魔王の薬師,812,1
731位,,アルケミスト,javelinЖ,811,2
732位,,アルケミスト,やまいもがらがら,811,0
733位,,アルケミスト,火ケミ2,811,0
734位,,アルケミスト,ﾁｮﾁｮﾁｮﾁｮﾁｮﾁｮ,810,4
735位,,アルケミスト,matoura,810,1
736位,,アルケミスト,つ０５,810,1
737位,,アルケミスト,むむすけ,810,0
738位,,アルケミスト,かけもちの戦闘員,809,0
739位,,マスケッティア,☆ぱる仔☆,809,0
740位,,アルケミスト,金鯖2018年,808,2
741位,,アルケミスト,StillDream,808,0
742位,,アルケミスト,ｽｯｺｽｺﾌﾗｽｺ,808,0
743位,,アルケミスト,＊アルチミスト＊,807,0
744位,,アルケミスト,ももほり,807,0
745位,,アルケミスト,ﾌﾗｽｺｼｺ,807,0
746位,,アルケミスト,虫の助,805,4
747位,,アルケミスト,yuyoi,805,1
748位,,アルケミスト,朧十夜,805,0
749位,,アルケミスト,ぽんすけさ,804,0
750位,,アルケミスト,火ケミ1,803,0
751位,,マスケッティア,山芋さくさく,803,0
752位,,アルケミスト,ヴァロスト,802,1
753位,,アルケミスト,走るっじお,802,0
754位,,アルケミスト,火ｹﾐ4,801,0
755位,,アルケミスト,銃星神,801,0
756位,,アルケミスト,ﾗｲﾄﾆﾝｸﾞﾎﾞﾙﾄ,800,3
757位,,マスケッティア,McGarrett,800,3
758位,,アルケミスト,rosa_morada,800,0
759位,,アルケミスト,触媒のｵｯｻﾝ,800,0
760位,,アルケミスト,火ｹﾐ3,800,0
761位,,アルケミスト,金鯖生まれ2019,800,0
762位,,アルケミスト,lchmst5,800,0
763位,,アルケミスト,lchmst6,800,0
764位,,マスケッティア,Δ白彩ﾉ射逐Δ,800,0
765位,,マスケッティア,エメトセルク,800,0
766位,,アルケミスト,研究者の末路,799,0
767位,,マスケッティア,オクシデント,799,0
768位,,アルケミスト,OG３,798,3
769位,,アルケミスト,猛烈な便意,797,3
770位,,アルケミスト,ﾎﾟﾁｬﾘｽﾄ。,795,0
771位,,マスケッティア,あるぅけみすと,792,1
772位,,アルケミスト,クリームsp,792,0
773位,,マスケッティア,そんなんアルケ～,792,0
774位,,アルケミスト,鉛の錬金術師,791,0
775位,,マスケッティア,スパゲッティア☆,788,1
776位,,アルケミスト,不安の種,788,0
777位,,マスケッティア,こんな人,786,2
778位,,アルケミスト,銃撃王,786,0
779位,,アルケミスト,マリエケミスト♪,785,0
780位,,マスケッティア,狙撃ぱんだぁ,784,3
781位,,アルケミスト,灼熱のアヴァロン,782,0
782位,,アルケミスト,Ｍemphis,782,0
783位,,マスケッティア,WeAreHappy,781,0
784位,,アルケミスト,JuryusXI,780,4
785位,,アルケミスト,クラブはん,780,1
786位,,アルケミスト,こどおじ錬金術師,779,0
787位,,マスケッティア,次元大助平,777,4
788位,,アルケミスト,ゴット１,777,0
789位,,アルケミスト,6N4HCX,777,0
790位,,アルケミスト,お薬調合致します,775,2
791位,,アルケミスト,キーフリー,775,2
792位,,アルケミスト,いぷしぃー,775,0
793位,,マスケッティア,フランコネロ,774,1
794位,,アルケミスト,ｶﾀｶｹﾌｳﾁｮｳ,774,0
795位,,マスケッティア,黒色銃士,773,2
796位,,マスケッティア,もと＠もと銃錬士,771,0
797位,,アルケミスト,みずのみたい,770,4
798位,,アルケミスト,錬金薬師,770,0
799位,,アルケミスト,病的パイセン,769,2
800位,,マスケッティア,タカポコ,769,0
801位,,マスケッティア,あてんッ,768,4
802位,,アルケミスト,うっくん,768,3
803位,,アルケミスト,探求のケミス,768,1
804位,,マスケッティア,ﾀﾞｰﾃｨｰﾊﾘｰﾎﾟｯﾀｰ,766,0
805位,,アルケミスト,クラフター,765,0
806位,,アルケミスト,†龍威†,764,4
807位,,アルケミスト,探求Dreaming,764,0
808位,,マスケッティア,つば九郎DX,763,0
809位,,マスケッティア,Geheimnis☆,762,0
810位,,マスケッティア,かりおすとろ,758,0
811位,,アルケミスト,†Lord,756,3
812位,,アルケミスト,グランディア微糖,756,0
813位,,マスケッティア,孤独のｶﾞﾝﾏﾝ,755,0
814位,,アルケミスト,フェンディ♪,754,2
815位,,アルケミスト,変な稲さん,754,1
816位,,アルケミスト,どくったー,754,0
817位,,アルケミスト,ゼフィーロ,753,4
818位,,アルケミスト,ルセフィ,753,1
819位,,アルケミスト,夏下手男,752,0
820位,,アルケミスト,arukami,752,0
821位,,アルケミスト,ありゃりゃ～♪,752,0
822位,,アルケミスト,PrivateSky,751,1
823位,,アルケミスト,ますけっげぃあよ,749,3
824位,,マスケッティア,アルティ猫,748,0
825位,,アルケミスト,ピーマンピーマン,746,1
826位,,アルケミスト,ちゃしばき,745,0
827位,,マスケッティア,やすたかψ,744,3
828位,,マスケッティア,ケネディ20,743,2
829位,,アルケミスト,逃⇔隠,743,1
830位,,アルケミスト,ｵﾌｨｴﾙ=ﾊｰﾊﾞｰﾄⅩ,741,0
831位,,マスケッティア,現実逃避♪,741,0
832位,,アルケミスト,ペスト患者,740,0
833位,,アルケミスト,ｳﾝｹﾞﾎﾞ。,739,3
834位,,アルケミスト,ヴァネッティ,738,1
835位,,マスケッティア,＊polka,737,2
836位,,アルケミスト,Demens,737,1
837位,,アルケミスト,さるかに,736,0
838位,,アルケミスト,アルケミん,735,1
839位,,アルケミスト,シロマ☆,733,4
840位,,アルケミスト,ファブケミスト,733,2
841位,,アルケミスト,AiRBLUE,733,1
842位,,アルケミスト,アイノ・ガスビル,732,4
843位,,アルケミスト,Narita＠Brian,732,4
844位,,アルケミスト,清涼院の錬金術師,732,2
845位,,マスケッティア,ﾏｹﾝﾄｯﾃﾔ,732,0
846位,,アルケミスト,グランディア加糖,731,0
847位,,アルケミスト,調瓶,731,0
848位,,アルケミスト,フブイ,730,0
849位,,マスケッティア,ピールオフ,730,0
850位,,アルケミスト,わ8。,729,0
851位,,アルケミスト,ひかえめに,728,4
852位,,マスケッティア,MadChute,728,0
853位,,マスケッティア,アーサーモーガン,727,0
854位,,アルケミスト,アルモニア,726,0
855位,,アルケミスト,ウタマロン,726,0
856位,,アルケミスト,止まらない探求者,725,4
857位,,マスケッティア,bsk焼夷弾,724,0
858位,,アルケミスト,おさんぽ大好き,723,3
859位,,マスケッティア,Landjunker,722,0
860位,,アルケミスト,見習い魔力調達員,721,1
861位,,アルケミスト,月下之夜想曲,721,0
862位,,アルケミスト,アルケミング,721,0
863位,,アルケミスト,坊っちゃん♪,721,0
864位,,マスケッティア,リーユウ,720,2
865位,,アルケミスト,がびんちょ・がび,720,0
866位,,マスケッティア,魔王ベルドラ,720,0
867位,,アルケミスト,？神様家族？,719,0
868位,,マスケッティア,モリンフェン陛下,719,0
869位,,アルケミスト,satoBB,717,0
870位,,アルケミスト,藤蔭,716,0
871位,,マスケッティア,ｼﾞｪｲｿﾝ･ｷｯﾄﾞ,716,0
872位,,マスケッティア,ヨボヤッキー,715,0
873位,,アルケミスト,Trifecta,714,0
874位,,アルケミスト,豆腐いかがすか？,714,0
875位,,アルケミスト,千年戦争アイギス,714,0
876位,,マスケッティア,ﾀﾞｲｼﾞｮｰﾌﾞ,714,0
877位,,マスケッティア,タイタスクロウ,714,0
878位,,マスケッティア,ラビュースター,708,3
879位,,マスケッティア,試製3Dプリンタ銃,708,0
880位,,マスケッティア,半分赤井,706,3
881位,,アルケミスト,ヤワマヤシカズ,705,0
882位,,マスケッティア,ふぁんしー,705,0
883位,,アルケミスト,ひよどり,703,2
884位,,アルケミスト,つまみは刺身だな,703,1
885位,,マスケッティア,次鋒レオパルドン,703,0
886位,,マスケッティア,∮Ｚ∮,703,0
887位,,アルケミスト,birthmark,702,3
888位,,アルケミスト,もみじがり,702,3
889位,,マスケッティア,光遠,702,0
890位,,アルケミスト,わっちん,701,1
891位,,マスケッティア,Eric_Nine,701,0
892位,,マスケッティア,ふつうサイズ,701,0
893位,,マスケッティア,∮鬼灯∮,700,0
894位,,マスケッティア,ふぉっかちお,700,0
895位,,マスケッティア,ΦﾁﾞｰｸﾍﾞｯｸΦ,698,0
896位,,アルケミスト,鳩豆,695,0
897位,,マスケッティア,↑ぽん↓,695,0
898位,,アルケミスト,ジェイソン＝ロウ,694,0
899位,,アルケミスト,桜蓼,693,2
900位,,アルケミスト,ソルガレオ法師,693,1
901位,,アルケミスト,黒鉄の錬金術師,692,1
902位,,マスケッティア,キングヘンリー,692,0
903位,,マスケッティア,ガンマニア,691,3
904位,,アルケミスト,アルアルＱ,691,0
905位,,アルケミスト,暴走馬車,691,0
906位,,アルケミスト,ドラベル,690,3
907位,,マスケッティア,フムトタイヘン,690,0
908位,,マスケッティア,MuscatTea,689,2
909位,,マスケッティア,撃ちマス,689,1
910位,,マスケッティア,モゾコ,689,1
911位,,アルケミスト,ｽｳｨﾌﾄおじさん,689,0
912位,,マスケッティア,チョコ食べたい。,688,0
913位,,アルケミスト,セイヴェル,687,4
914位,,アルケミスト,ガンドロス,686,0
915位,,アルケミスト,フルティフォーム,685,3
916位,,アルケミスト,燼天玉藻前,685,1
917位,,マスケッティア,JackReacher,685,1
918位,,アルケミスト,ミスターアトム,685,0
919位,,アルケミスト,暫四郎,684,0
920位,,アルケミスト,魔銃使いケッティ,683,1
921位,,アルケミスト,ボルフライ,683,0
922位,,アルケミスト,八咫烏DX,683,0
923位,,アルケミスト,トリッチ,682,0
924位,,マスケッティア,れーるがん,682,0
925位,,マスケッティア,しっぽ１２,681,0
926位,,アルケミスト,ｱﾉﾚｹﾐｽﾄ,680,0
927位,,アルケミスト,炎刃騎士ベロー,680,0
928位,,アルケミスト,Ｓatan,680,0
929位,,アルケミスト,フクヤン,679,3
930位,,アルケミスト,中にいますよ？,679,2
931位,,マスケッティア,うほ♂いい漢,679,2
932位,,マスケッティア,♪オメガ,679,0
933位,,マスケッティア,ハートをドキュン,678,1
934位,,アルケミスト,StardustMemory,678,0
935位,,アルケミスト,俺の下であがけ,677,0
936位,,アルケミスト,あるけみ？,677,0
937位,,マスケッティア,ちび子,677,0
938位,,アルケミスト,Silentwave,676,3
939位,,マスケッティア,歓楽街の帝王,676,2
940位,,アルケミスト,そよ風とメロディ,676,1
941位,,マスケッティア,るーてしあん,676,1
942位,,アルケミスト,FluorusChemistry,676,0
943位,,マスケッティア,泣くな「海」,676,0
944位,,アルケミスト,迷子のゎゎゎ,675,0
945位,,アルケミスト,ムん’,675,0
946位,,アルケミスト,テンション君,674,0
947位,,マスケッティア,ぶっぱなすジョー,673,2
948位,,アルケミスト,クワド,673,1
949位,,アルケミスト,ニルキルマッコイ,673,1
950位,,マスケッティア,Transaction,673,1
951位,,アルケミスト,きょえちゃん,673,0
952位,,マスケッティア,ドゲル,672,1
953位,,アルケミスト,黒猫の宅急便☆ミ,671,0
954位,,マスケッティア,Rose☆balsam,670,4
955位,,マスケッティア,じぇにぃｘ,670,2
956位,,マスケッティア,ドンクライエニモ,669,2
957位,,アルケミスト,ξRapunzelξ,669,0
958位,,マスケッティア,トレヴィル,669,0
959位,,アルケミスト,アマニ油,668,4
960位,,アルケミスト,マルケミスト,666,3
961位,,アルケミスト,‡ルアード‡,665,1
962位,,アルケミスト,空力特性,665,0
963位,,マスケッティア,癌マン,664,0
964位,,アルケミスト,B_AnCH_毒丸,662,1
965位,,アルケミスト,包茎短小,662,0
966位,,アルケミスト,多摩ケミスト,661,1
967位,,アルケミスト,アンプル,661,0
968位,,マスケッティア,アロセス,661,0
969位,,アルケミスト,ミスター16,659,0
970位,,アルケミスト,ゆーあたんたん,659,0
971位,,アルケミスト,カキ氷シロップ,658,0
972位,,マスケッティア,Ria02,657,2
973位,,マスケッティア,YoungGun,657,1
974位,,アルケミスト,駆逐艦＊Kiev,656,4
975位,,アルケミスト,StripedAbyss☆,656,0
976位,,アルケミスト,踊るかつおぶし,656,0
977位,,マスケッティア,九死,655,0
978位,,マスケッティア,からだにピ～ス,655,0
979位,,マスケッティア,西部のならず者,654,0
980位,,マスケッティア,ラモン・ランベル,652,2
981位,,マスケッティア,初老に検チン,652,0
982位,,アルケミスト,ぼっとんこ,651,3
983位,,マスケッティア,神楽峰,651,3
984位,,マスケッティア,謎のガンマン,651,1
985位,,マスケッティア,鳳凰院平等堂,650,4
986位,,アルケミスト,デメント,650,1
987位,,マスケッティア,＊Ｌｌｉｚ,650,1
988位,,アルケミスト,RABEe,648,0
989位,,マスケッティア,神速RAIZIN,648,0
990位,,アルケミスト,§大輔§,647,4
991位,,アルケミスト,六炭糖,646,1
992位,,アルケミスト,天鴨,646,0
993位,,アルケミスト,南之方,646,0
994位,,アルケミスト,‡cage‡,646,0
995位,,マスケッティア,シグフレイ,645,2
996位,,マスケッティア,Tradescantia,645,2
997位,,マスケッティア,北斗羅漢撃Ⅹ,645,0
998位,,アルケミスト,新蕾,644,1
999位,,アルケミスト,UnionJack,644,0
