1位,,サマナー,ミルリ,1782,5
2位,,ビーストテイマー,つよみん,1773,5
3位,,悪魔,五十嵐由貴,1772,5
4位,,キャプテン,ﾏｰｺﾞｯﾄ,1766,5
5位,,ランサー,武神゜,1766,5
6位,,剣士,筋肉もり男,1761,5
7位,,サマナー,pikashu,1760,5
8位,,アーチャー,らぶのーと♪,1760,5
9位,,霊術師,neon43,1757,5
10位,,剣士,amagon,1756,5
11位,,シーフ,HIMAMA,1753,5
12位,,黒魔術師,DarkGradation,1750,5
13位,,ランサー,☆セントレア☆,1748,5
14位,,ウィザード,syouitirou,1748,5
15位,,獣人,dokuringo,1747,5
16位,,ランサー,∬purposefire∬,1746,5
17位,,キャプテン,錨輝く鮎,1743,5
18位,,アーチャー,クレモル,1742,5
19位,,霊術師,きゃぴ☆,1740,5
20位,,戦士,bitaminn,1739,5
21位,,獣人,Lightperformer,1738,5
22位,,獣人,AllRangeClear☆,1737,5
23位,,武道家,腰痛の爺,1736,5
24位,,シーフ,ＬＡ：ＮＡ,1735,5
25位,,メイド,八番手,1734,5
26位,,武道家,gingingin,1734,5
27位,,プリンセス,WildCandy♪,1733,5
28位,,ランサー,岡島タエ子,1732,5
29位,,ウィザード,バロシャン,1732,5
30位,,獣人,リンチェンコ,1731,5
31位,,ビショップ,戦慄のおっさん,1731,5
32位,,ランサー,Mysh,1730,5
33位,,霊術師,お試しください♪,1729,5
34位,,ランサー,Lionel・MessiⅡ,1728,5
35位,,追放天使,高天原ゆとり,1728,5
36位,,アルケミスト,移動する点Ｐ,1726,5
37位,,戦士,リヤっち,1726,5
38位,,剣士,点灯,1726,5
39位,,アルケミスト,レミニセンス,1725,5
40位,,剣士,GLASS7,1725,5
41位,,ランサー,ソルディエンヌ,1723,5
42位,,戦士,ブレイブスカイ,1723,5
43位,,プリンセス,アイカツおばさん,1722,5
44位,,ウィザード,お嫁においでよ〆,1722,5
45位,,戦士,Jナカ,1722,5
46位,,キャプテン,トリクシー,1721,5
47位,,アーチャー,凛沖,1721,5
48位,,戦士,啓士郎,1721,5
49位,,戦士,DancingBravo,1721,5
50位,,ランサー,ビッグマシーン,1720,5
51位,,闘士,砂の果実,1718,5
52位,,ランサー,_Jun_,1718,5
53位,,武道家,平岡智世,1718,5
54位,,獣人,Daifuku,1717,5
55位,,武道家,れっどしーふ,1717,5
56位,,プリンセス,パリバリ,1716,5
57位,,リトルウィッチ,ゆめごん,1715,5
58位,,ランサー,星にねがいを,1715,5
59位,,キャプテン,ちむどんどん助,1714,5
60位,,アーチャー,♪レナ♪,1714,5
61位,,アーチャー,LOVEマシーン♪,1713,5
62位,,剣士,小作人,1713,5
63位,,キャプテン,お前もう船降りろ,1712,5
64位,,シーフ,コールドプレイ,1712,5
65位,,霊術師,nero＋α,1711,5
66位,,ランサー,らぴん,1709,5
67位,,武道家,モルディブ。,1709,5
68位,,武道家,もげしふ,1709,5
69位,,ビショップ,だるま親方♪,1709,5
70位,,ランサー,Mｉnelva,1707,5
71位,,追放天使,ビッグマ万太郎,1707,5
72位,,アルケミスト,ちゃん☆ぽん,1706,5
73位,,霊術師,ゆきゅ,1706,5
74位,,悪魔,Stardust_reverie,1706,5
75位,,リトルウィッチ,ハイシェン姫,1706,5
76位,,戦士,スガサワ,1706,5
77位,,アーチャー,Ｌーライトニング,1705,5
78位,,ランサー,Mｙｓｔic,1705,5
79位,,ランサー,megumi♪,1705,5
80位,,追放天使,魔女の使いジジ,1705,5
81位,,ランサー,Lalulu,1704,5
82位,,黒魔術師,いぬぞう,1703,5
83位,,獣人,Faluna,1703,5
84位,,闘士,∬vergeofdeath∬,1703,5
85位,,剣士,ダーシュ！,1703,5
86位,,マスケッティア,どんの助,1702,5
87位,,霊術師,和泉紗霧,1702,5
88位,,アーチャー,†金獅子姫†,1702,5
89位,,マスケッティア,δsnowδ,1701,5
90位,,黒魔術師,∬Veloce∬,1701,5
91位,,闘士,ｿﾙ・ｽﾄﾗｲﾀﾞｰ,1701,5
92位,,霊術師,Woｌｌim,1701,5
93位,,プリンセス,ミフラ,1701,5
94位,,ランサー,堕天使ヨハネ,1701,5
95位,,武道家,ににお,1701,5
96位,,シーフ,パラヌス,1701,5
97位,,ウルフマン,プラチナデータ,1700,5
98位,,戦士,新羅三郎,1698,5
99位,,戦士,醤油取って,1697,5
100位,,獣人,運命を呪う死神,1694,5
101位,,追放天使,￥神様家族￥,1694,5
102位,,ウィザード,赤エンピツ,1691,5
103位,,アーチャー,カリーネ,1687,5
104位,,獣人,ｇｄ用5,1684,5
105位,,ビーストテイマー,＋ゆい＋,1682,5
106位,,ビショップ,ルーンレクイエム,1682,5
107位,,霊術師,超鎌子,1680,5
108位,,アルケミスト,ﾁｮｴｲ！,1675,5
109位,,サマナー,bsk団,1666,5
110位,,アーチャー,雷神の弓,1666,5
111位,,霊術師,＠つなまよ,1662,5
112位,,シーフ,ЖHeliosЖ,1662,5
113位,,悪魔,ろざりぃ,1658,5
114位,,ランサー,浅研,1654,5
115位,,マスケッティア,littlepool,1646,5
116位,,武道家,銀九朗,1640,5
117位,,獣人,millay,1637,5
118位,,追放天使,彫黒店4,1629,5
119位,,武道家,Silverio_Gospel,1628,5
120位,,アーチャー,おばさんULT,1627,5
121位,,獣人,もりお（6）,1626,5
122位,,プリンセス,ばすこULT,1625,5
123位,,霊術師,ほりれみ,1624,5
124位,,アーチャー,☆鰰☆,1624,5
125位,,霊術師,AbigailWilliams,1622,5
126位,,獣人,ハードメープル,1613,5
127位,,ウィザード,２２３２,1611,5
128位,,獣人,matakitesikaku,1608,5
129位,,アルケミスト,ソースあじ,1607,5
130位,,メイド,PersephoneP,1607,5
131位,,獣人,∬bestinfant∬,1607,5
132位,,アーチャー,HiimTaiga,1606,5
133位,,ウィザード,＄デビル＄,1606,5
134位,,獣人,社会の歯車,1604,5
135位,,追放天使,海皇,1604,5
136位,,闘士,天使の施し,1603,5
137位,,リトルウィッチ,つよつよみん,1603,5
138位,,ビーストテイマー,式部茉優,1603,5
139位,,闘士,BomberYeahINARI,1602,5
140位,,アルケミスト,わぶけみ,1601,5
141位,,メイド,苺桜三玖,1601,5
142位,,ビーストテイマー,AiryKuroe,1595,5
143位,,キャプテン,シャブル,1591,5
144位,,アーチャー,・まゆしぃ・,1588,5
145位,,シーフ,いっちゃん☆,1587,5
146位,,闘士,MahoExp,1585,5
147位,,ビーストテイマー,ﾏｲｹﾙ・ﾏｲﾔﾝｽﾞ,1585,5
148位,,アーチャー,超越ゆめんごⅤ,1584,5
149位,,戦士,＄reef＄,1582,5
150位,,アーチャー,Geminorum,1580,5
151位,,戦士,毒おじや,1580,5
152位,,アルケミスト,三玖♪,1575,5
153位,,武道家,梅ピーシフ,1572,5
154位,,アーチャー,アクア・アクア,1571,5
155位,,アーチャー,マーキψ,1567,5
156位,,アーチャー,サハスラ,1567,5
157位,,獣人,太刀川・アリス,1566,5
158位,,シーフ,NightBlade,1566,5
159位,,霊術師,南国パンサー,1565,5
160位,,アーチャー,遮那王,1564,5
161位,,獣人,ちょこてん師,1563,5
162位,,追放天使,ひょーが,1563,5
163位,,シーフ,びじえむ,1562,5
164位,,ネクロマンサー,Goldilock,1558,5
165位,,光奏師,ゆみゃ,1557,5
166位,,霊術師,ｼﾞｬｽﾊﾟｰ,1556,5
167位,,剣士,ⅹブッシュⅹ,1553,5
168位,,ビーストテイマー,ぽこっさん,1552,5
169位,,獣人,エル一世,1551,5
170位,,メイド,うぉるりむ,1550,5
171位,,悪魔,ブロッコリ～,1550,5
172位,,戦士,醤油煎餅,1550,5
173位,,黒魔術師,ShineLight,1548,5
174位,,獣人,手札抹殺,1548,5
175位,,アーチャー,まなみちゃん,1546,5
176位,,リトルウィッチ,さめ華,1544,5
177位,,霊術師,◇妖精◇,1540,5
178位,,武道家,神崎・Ｚ・アリア,1537,5
179位,,獣人,ﾃﾞﾙﾓﾍﾞｰﾄ,1536,5
180位,,追放天使,Norleras,1536,5
181位,,ランサー,トム猫,1535,5
182位,,シーフ,祀符,1535,5
183位,,ランサー,ペったー,1534,5
184位,,獣人,nero◇,1533,5
185位,,アーチャー,kazuha①,1532,5
186位,,リトルウィッチ,ぱるくんリトル,1530,5
187位,,ビーストテイマー,∫manipulate∫,1530,5
188位,,追放天使,あんじ。,1530,5
189位,,ビショップ,ブルブルQ,1530,5
190位,,アーチャー,点灯滅,1529,5
191位,,リトルウィッチ,脳障害アスペ姫,1528,5
192位,,キャプテン,おいしいみず,1527,5
193位,,ビショップ,ぶくぶくちゃがま,1527,5
194位,,闘士,☆ネネチャン,1525,5
195位,,アーチャー,たぴおかIceRain,1524,5
196位,,アーチャー,翼＠fl,1521,5
197位,,剣士,孤独な生きもの,1520,5
198位,,武道家,のりっく,1519,5
199位,,シーフ,バイオレット666,1519,5
200位,,サマナー,みるり,1517,5
201位,,獣人,Claria,1516,5
202位,,アーチャー,マットレス二宮,1516,5
203位,,獣人,モロロモルル,1515,5
204位,,ビショップ,魔醯首羅,1514,5
205位,,ウィザード,もとひろ２,1513,5
206位,,光奏師,ビッグバイブ佐藤,1512,5
207位,,リトルウィッチ,Rachel。,1511,5
208位,,霊術師,Ψ榴Ψ,1510,5
209位,,ランサー,Leila。,1510,5
210位,,戦士,GLASS７“,1510,5
211位,,ランサー,ハーピィの羽箒,1509,5
212位,,ウィザード,Waterballoon♪,1508,5
213位,,戦士,ZeroMega,1508,5
214位,,ランサー,大木陸,1507,5
215位,,ランサー,エルフェリア,1507,5
216位,,戦士,IRONHIDE．,1506,5
217位,,黒魔術師,tumuguu,1505,5
218位,,霊術師,加茂野理緒,1505,5
219位,,獣人,黒デミバーグ,1504,5
220位,,ビーストテイマー,北国ウルフ,1503,5
221位,,アーチャー,ヒママ,1503,5
222位,,ランサー,ゆぴあ,1503,5
223位,,ランサー,Tamriel,1502,5
224位,,シーフ,ﾅﾙｶﾞｸﾙｶﾞ☆,1502,5
225位,,ビショップ,ｌ01,1501,5
226位,,光奏師,魔法少年ﾄﾞﾝﾁｬﾝ,1500,5
227位,,ネクロマンサー,中血圧,1500,5
228位,,ウィザード,BrightFuture,1500,5
229位,,ウィザード,元気もり男,1500,5
230位,,剣士,nero●,1500,5
231位,,黒魔術師,ゆにぃ,1499,5
232位,,霊術師,中辛ねーちゃん,1499,5
233位,,アーチャー,厚化粧もり子,1499,5
234位,,追放天使,LimIce,1499,5
235位,,プリンセス,marsborn42,1498,5
236位,,アーチャー,トロワ・カイン,1498,5
237位,,シーフ,余韻,1498,5
238位,,黒魔術師,お嬢のぱんだぁ,1496,5
239位,,アルケミスト,3月9日,1493,5
240位,,アルケミスト,嶋太郎,1492,5
241位,,獣人,Official髭男爵,1492,5
242位,,獣人,レッドリボングン,1492,5
243位,,霊術師,物理でゴリゴリ,1491,5
244位,,武道家,flea♪,1491,5
245位,,ビーストテイマー,しょーい,1489,5
246位,,追放天使,美桜ちゃん,1487,5
247位,,キャプテン,Richele,1484,5
248位,,追放天使,miniringo,1484,5
249位,,獣人,ジィルト,1482,5
250位,,黒魔術師,しんどら,1480,5
251位,,ネクロマンサー,ｂｓｋぺしぺし,1480,5
252位,,武道家,運命の死神,1480,5
253位,,ビショップ,SaBravo,1480,5
254位,,アーチャー,メーメーＤⅩ,1479,5
255位,,追放天使,△どんすけ△,1478,5
256位,,アーチャー,ありるん,1475,5
257位,,霊術師,SKサン,1474,5
258位,,シーフ,ふぁらうぇい,1474,5
259位,,キャプテン,殴る船長さん,1473,5
260位,,戦士,ひろ１００１,1473,5
261位,,霊術師,【Verdandi】,1471,5
262位,,ビーストテイマー,ﾌﾙｰﾙﾀﾞﾝﾃﾙﾃﾞｨ,1470,5
263位,,アーチャー,エト茶,1470,5
264位,,ビショップ,冷凍たこやき,1470,5
265位,,ビーストテイマー,べりアル,1468,5
266位,,追放天使,だいこい,1467,5
267位,,悪魔,佐々木良太,1466,5
268位,,ビーストテイマー,Etheldreda,1466,5
269位,,アーチャー,渚凪,1464,5
270位,,リトルウィッチ,青春アヒージョ,1463,5
271位,,黒魔術師,熱色スターマイン,1462,5
272位,,アーチャー,vモンキーv,1462,5
273位,,ランサー,ジェフの７番,1462,5
274位,,黒魔術師,Ｍａid,1461,5
275位,,アーチャー,ララランサー,1460,5
276位,,武道家,らんれい,1460,5
277位,,追放天使,♪Love_Note♪,1460,5
278位,,ウィザード,甄姫T,1460,5
279位,,キャプテン,キャプテン☆ネネ,1459,5
280位,,ビショップ,水鯖＠たっくん,1457,5
281位,,戦士,＄クラウド＄,1457,5
282位,,プリンセス,ﾋﾗﾋﾗ☆ミ,1456,5
283位,,剣士,しぱらふ,1455,5
284位,,戦士,潜伏期間,1454,5
285位,,ランサー,ニンジンピクピク,1453,5
286位,,ランサー,コマ足,1453,5
287位,,ウィザード,ワンワンドーモ,1453,5
288位,,霊術師,△万里花△,1452,5
289位,,霊術師,おかまこ,1451,5
290位,,ランサー,モルラン,1450,5
291位,,シーフ,史上最悪の盗賊,1448,5
292位,,黒魔術師,桜の華,1447,5
293位,,ビショップ,ＤＭＺ,1447,5
294位,,リトルウィッチ,ランテット,1446,5
295位,,剣士,後転からの前転,1446,5
296位,,プリンセス,あふるか。,1445,5
297位,,戦士,段四郎,1445,5
298位,,霊術師,リンゾー,1444,5
299位,,ネクロマンサー,綾ちゃまGDX,1444,5
300位,,追放天使,回復さんまとうら,1444,5
301位,,ビショップ,CardinalHeｌios,1442,5
302位,,ネクロマンサー,紀伊魔,1441,5
303位,,メイド,ボンボルド,1440,5
304位,,アーチャー,らんさー・ｗ・,1440,5
305位,,戦士,☆もいちゃん☆,1440,5
306位,,ウィザード,グラフォード,1438,5
307位,,剣士,RSQ_RAY,1437,5
308位,,黒魔術師,40時間お掃除,1436,5
309位,,獣人,atma,1436,5
310位,,光奏師,ArcanaMirage,1436,5
311位,,霊術師,ラカッシュ,1436,5
312位,,戦士,ⅩオーウェンⅩ,1435,5
313位,,アーチャー,真衣ちゃん,1432,5
314位,,武道家,たかぴこ,1431,5
315位,,ウィザード,littleshine,1431,5
316位,,アーチャー,佐々木のぞみ,1430,5
317位,,ビショップ,ミ万里花彡,1430,5
318位,,剣士,taisei333,1430,5
319位,,アルケミスト,inochemist,1428,5
320位,,霊術師,闘ソフィ闘,1428,5
321位,,悪魔,おれおとあぽろ,1428,5
322位,,黒魔術師,のえるたいむず,1427,5
323位,,武道家,Reeku,1427,5
324位,,追放天使,HIMA天,1427,5
325位,,ビーストテイマー,あゆちみん,1426,5
326位,,アーチャー,楽天ｻｰﾋﾞｽ（極）,1426,5
327位,,ランサー,シデ,1426,5
328位,,獣人,＊アルチッブス＊,1424,5
329位,,獣人,わぶけも,1424,5
330位,,獣人,舞双剣の【殴る】,1424,5
331位,,シーフ,ミラクルラスター,1424,5
332位,,黒魔術師,ⅩアルチップスⅩ,1422,5
333位,,ランサー,エルシー・アリス,1422,5
334位,,シーフ,らてぃあす☆,1422,5
335位,,光奏師,輝けショタっ子,1421,5
336位,,ビーストテイマー,nbkdoll,1421,5
337位,,ランサー,ばらの花,1420,5
338位,,武道家,セルティック☆,1420,5
339位,,追放天使,ゆず塩,1420,5
340位,,黒魔術師,セレティル,1418,5
341位,,プリンセス,お暇なﾌﾟﾘﾝｾｽ,1418,5
342位,,獣人,ぺろぺろﾊｧﾊｧ,1417,5
343位,,アーチャー,ショコ・ラ,1417,5
344位,,ランサー,ティダ射手,1417,5
345位,,追放天使,ＯＭＰΣ,1417,5
346位,,戦士,世紀末の聖騎士,1417,5
347位,,ビーストテイマー,uchronia,1415,5
348位,,ビーストテイマー,親子丼定食,1415,5
349位,,キャプテン,ジェフの舟番,1413,5
350位,,黒魔術師,ルンド♪,1413,5
351位,,アーチャー,大自然のキノコ,1413,5
352位,,アルケミスト,gentleしょう,1412,5
353位,,ビーストテイマー,あずさがわ,1412,5
354位,,アーチャー,フォトナ,1412,5
355位,,アーチャー,☆naomi☆,1412,5
356位,,アーチャー,ξまりかξ,1412,5
357位,,ランサー,クイーンギャング,1412,5
358位,,アーチャー,パブチーノ,1411,5
359位,,ウィザード,ТΗαηαTοｓ,1411,5
360位,,黒魔術師,†鳳仙花,1410,5
361位,,ランサー,chores,1410,5
362位,,追放天使,ハードコア,1410,5
363位,,黒魔術師,チャンアル,1409,5
364位,,武道家,ﾖｰﾝ・ﾊﾞｲﾝﾂｪﾙ,1409,5
365位,,武道家,義武,1409,5
366位,,ビショップ,リヤぴ,1409,5
367位,,獣人,つらあじ,1408,5
368位,,アーチャー,りりぽん♪,1408,5
369位,,ランサー,或斗ティナ,1408,5
370位,,ランサー,マフィア,1408,5
371位,,剣士,chida,1407,5
372位,,黒魔術師,魔燦,1406,5
373位,,獣人,＠小作人,1406,5
374位,,サマナー,Raychell,1406,5
375位,,アーチャー,萌花ちゃん☆,1406,5
376位,,ランサー,ｶﾅﾒΔﾊﾞｯｶﾆｱ,1406,5
377位,,ビショップ,てん助,1406,5
378位,,ウルフマン,Zarya,1406,5
379位,,ランサー,太古の槍ニケ,1406,0
380位,,悪魔,Thoughtcast,1405,5
381位,,アーチャー,しろくろこ,1405,5
382位,,シーフ,バッジオ,1405,5
383位,,悪魔,せし,1404,5
384位,,ネクロマンサー,Enrise,1404,5
385位,,サマナー,プルメイア,1404,5
386位,,アーチャー,イエローフォー,1404,5
387位,,シーフ,ちびのっぽ,1404,5
388位,,ビショップ,バレテン,1404,5
389位,,ビショップ,なめだるま,1404,5
390位,,リトルウィッチ,☆☆あやな☆☆,1403,5
391位,,シーフ,†青い彗星†,1403,5
392位,,追放天使,poweredしょう,1403,5
393位,,黒魔術師,☆ティロ☆,1402,5
394位,,黒魔術師,§里音§,1402,5
395位,,霊術師,ｸﾛﾉｽﾀｼｽ,1402,5
396位,,リトルウィッチ,ミトゥナ,1402,5
397位,,黒魔術師,MapleTea,1401,5
398位,,ランサー,＠ジェイソン＠,1401,5
399位,,武道家,ヤシャマルJr,1401,5
400位,,武道家,流刻,1401,5
401位,,シーフ,shingo100,1401,5
402位,,闘士,ぽにたん,1401,3
403位,,アルケミスト,五月♪,1400,5
404位,,悪魔,ラドサヴ,1400,5
405位,,ビーストテイマー,オドメール,1400,5
406位,,アーチャー,おせんべぇ,1400,5
407位,,アーチャー,カフィーナ,1400,5
408位,,ランサー,ぱーぷるへっど,1400,5
409位,,ウィザード,ハートにトマト☆,1400,5
410位,,戦士,ちっこちく,1400,5
411位,,黒魔術師,赤い炊飯器のｼﾞｬｰ,1399,5
412位,,獣人,ルイン（怪傑,1399,5
413位,,リトルウィッチ,ロザ～ナ,1399,5
414位,,ランサー,CaCari,1399,5
415位,,獣人,ロヴィニ,1398,5
416位,,剣士,デイトレーダー,1397,5
417位,,ウィザード,ナットウキナーゼ,1396,5
418位,,獣人,SateliteHimawari,1395,5
419位,,武道家,美柑姫,1395,5
420位,,ビショップ,gd用１５,1395,5
421位,,戦士,樋口ｗｗ,1395,5
422位,,リトルウィッチ,Littlemill,1392,5
423位,,ランサー,rukina,1392,5
424位,,獣人,☆Ocean☆,1391,5
425位,,リトルウィッチ,彩華浪漫,1391,5
426位,,プリンセス,dystopia,1391,5
427位,,ランサー,あやまん隊長,1391,5
428位,,闘士,コムラガエリ,1390,5
429位,,闘士,サタジ,1390,5
430位,,戦士,死神のJ,1390,5
431位,,悪魔,十八番手,1389,5
432位,,プリンセス,ミニモル,1389,5
433位,,獣人,ミルポワ,1388,5
434位,,プリンセス,エルフィアナ,1388,5
435位,,武道家,フィルデナント,1388,5
436位,,リトルウィッチ,沙貴ちゃん,1387,5
437位,,ランサー,◇☆nana☆◇,1387,5
438位,,武道家,ALTIMA．,1387,5
439位,,シーフ,newkoara,1387,5
440位,,ビショップ,newホイール,1387,5
441位,,獣人,M＆N’ｓ,1386,5
442位,,リトルウィッチ,ギガントミート,1386,5
443位,,武道家,DAZAI佑,1386,5
444位,,ランサー,プリン隊長,1385,5
445位,,ランサー,ぱりばり,1385,5
446位,,獣人,割れた鏡,1384,5
447位,,アーチャー,モチョム,1384,5
448位,,武道家,うまかっちゃん,1384,5
449位,,ビショップ,ぴよぴよ院長,1384,5
450位,,ビショップ,じゃがいも主任,1384,5
451位,,アルケミスト,fabo,1383,5
452位,,獣人,イーライ・Ｏ,1383,5
453位,,獣人,じゅらんだる,1383,5
454位,,ビショップ,NirvanaP,1383,5
455位,,ウィザード,ニョアの一番弟子,1383,5
456位,,プリンセス,日之出蘭,1383,0
457位,,アーチャー,‡†CELICA†‡,1382,5
458位,,ビショップ,びっさん,1382,5
459位,,ウルフマン,ALTIMA．．,1382,5
460位,,戦士,勇者☆藻邪,1382,5
461位,,アーチャー,蒼冷,1381,5
462位,,アーチャー,HeartKreuz,1380,5
463位,,メイド,ジェフの蝶番,1379,5
464位,,戦士,cuberしょう,1379,5
465位,,闘士,僕色凍結,1378,5
466位,,ウルフマン,GAME,1378,5
467位,,獣人,ねくてぃ,1377,5
468位,,武道家,πBLACK,1377,5
469位,,ビショップ,ギガルクス,1377,5
470位,,光奏師,独眼社員本美青年,1376,5
471位,,追放天使,ちくっちく,1376,5
472位,,ビショップ,ハスラー３,1376,5
473位,,ウィザード,ななゃ,1376,5
474位,,戦士,Tsubasa_Cat,1376,5
475位,,剣士,shnzi,1376,5
476位,,アルケミスト,へみそふぃあ,1375,5
477位,,ランサー,バッツマソ,1375,5
478位,,獣人,光燦,1374,5
479位,,獣人,chuxixixi,1374,5
480位,,闘士,Zarathustra†,1374,5
481位,,黒魔術師,ティアラ朔,1373,5
482位,,リトルウィッチ,すず凛,1373,5
483位,,シーフ,GNEX_003S,1373,5
484位,,シーフ,neko殺除菌♪,1373,5
485位,,悪魔,ゆずレモンA,1372,5
486位,,プリンセス,ジュウ姫,1372,5
487位,,サマナー,ぽちねこ０２,1372,5
488位,,ランサー,しょこ,1372,5
489位,,悪魔,はぃぃろ,1371,5
490位,,ビーストテイマー,おーるいん,1370,5
491位,,剣士,鬼軍曹。,1370,5
492位,,アーチャー,ですてふぁｎ,1369,5
493位,,シーフ,ｻﾙｱ・ｿﾘｭｰド,1369,5
494位,,追放天使,鯛KING,1369,5
495位,,ビショップ,☆封真☆,1369,5
496位,,アルケミスト,お味噌の錬金術師,1368,5
497位,,黒魔術師,Coosuk,1368,5
498位,,獣人,Altemisfoul925,1368,5
499位,,ランサー,YMヨザック,1368,5
500位,,ウルフマン,ぷちょへんざ！,1368,5
501位,,ウィザード,魔導師梅,1367,5
502位,,霊術師,かけら出しガンバ,1366,5
503位,,黒魔術師,まめふりー,1365,5
504位,,サマナー,ポポルコ,1365,5
505位,,シーフ,いみそ～れ,1365,5
506位,,追放天使,neroγ,1364,5
507位,,黒魔術師,Rucent,1363,5
508位,,黒魔術師,MERRY_FRIENDS,1363,5
509位,,獣人,おろか,1363,5
510位,,獣人,紅蝶蘭,1362,5
511位,,リトルウィッチ,FatRabbit,1362,5
512位,,ランサー,レジェラ,1362,5
513位,,ウルフマン,ろんめる犬,1362,5
514位,,ウィザード,ダナン,1362,5
515位,,アーチャー,セルベリア孫尚香,1361,5
516位,,ランサー,GLASS７”,1361,5
517位,,ビショップ,報われぬ愛の為に,1361,5
518位,,ウィザード,ﾃｸﾆｶﾙｶﾞｲｼﾞ,1361,5
519位,,プリンセス,星空シンフォニー,1360,5
520位,,ランサー,夢の話,1360,5
521位,,追放天使,しげびす,1360,5
522位,,ビショップ,コルベニクスξ,1360,5
523位,,剣士,REONREON,1360,5
524位,,メイド,もこあψ,1359,5
525位,,プリンセス,Oo（・д・）,1359,5
526位,,戦士,リンゾウ,1359,5
527位,,獣人,Partition,1358,5
528位,,剣士,まるがり,1358,5
529位,,アルケミスト,H4M10,1357,5
530位,,悪魔,newアプリ,1357,5
531位,,アーチャー,￡プレミア￡,1357,5
532位,,追放天使,MuscledMan,1357,5
533位,,ビーストテイマー,風水サマナー,1356,5
534位,,アーチャー,BadSweetTrap,1356,5
535位,,剣士,garuder,1356,5
536位,,ランサー,放置少女AA,1355,5
537位,,獣人,F7eur,1352,5
538位,,獣人,フィル･ノワール,1352,5
539位,,ビーストテイマー,Ψmo☆moΨ,1352,5
540位,,アーチャー,紗那姫,1351,5
541位,,シーフ,乾いた味噌汁,1351,5
542位,,リトルウィッチ,黒き情動,1350,5
543位,,プリンセス,ゆるせぽね,1350,5
544位,,剣士,BlackT,1350,5
545位,,黒魔術師,ｱﾗﾝｼﾞｱﾛﾝｿﾞ黒ﾒｲﾄﾞ,1349,5
546位,,獣人,下僕ﾀﾞﾖ,1349,5
547位,,悪魔,魔佐愉希,1347,5
548位,,戦士,肛門亭そよ風,1345,5
549位,,悪魔,AxxxiS,1343,5
550位,,リトルウィッチ,ちびぃ妃,1342,5
551位,,戦士,Mozo,1342,5
552位,,ビショップ,青緋珊瑚,1340,5
553位,,戦士,Waldan,1340,5
554位,,リトルウィッチ,いり田かす子,1339,5
555位,,サマナー,亜鬼,1339,5
556位,,アーチャー,カッパマル,1339,5
557位,,シーフ,xこうちゃんx,1339,5
558位,,黒魔術師,Schwarz_blitzen,1334,5
559位,,アーチャー,☆綺麗☆,1334,5
560位,,ランサー,まぐろわさび醤油,1334,5
561位,,剣士,emersion,1334,5
562位,,黒魔術師,あなたに,1333,5
563位,,アルケミスト,アル・ケ・ミスト,1332,5
564位,,アーチャー,☆☆ぱるきあ☆☆,1332,5
565位,,武道家,コーヒー乳牛,1332,5
566位,,霊術師,あいどるはっちゅ,1330,5
567位,,ビーストテイマー,バフポックル,1329,5
568位,,ビショップ,ｂｓｋいるよ,1329,5
569位,,黒魔術師,舞台をおりて,1328,5
570位,,黒魔術師,ガルン黒,1328,5
571位,,光奏師,Costa,1328,5
572位,,ビーストテイマー,☆ミルリ☆,1328,5
573位,,ウィザード,卍ろと卍,1328,5
574位,,シーフ,☆魚京☆,1327,5
575位,,ビショップ,時間がないのよ！,1327,5
576位,,獣人,†ユニ子†,1326,5
577位,,黒魔術師,佐久夜,1325,5
578位,,サマナー,ブルートパーズ,1325,5
579位,,ウィザード,うぃざど,1324,5
580位,,剣士,蒙古タンメン中本,1324,5
581位,,霊術師,霧榎,1323,5
582位,,ビーストテイマー,まにゃ☆文鳥,1323,5
583位,,霊術師,鎌女とか怖いだろ,1322,5
584位,,プリンセス,をるりむ,1322,5
585位,,アーチャー,Leviathan☆,1321,5
586位,,アルケミスト,ソクラテスン,1319,5
587位,,ネクロマンサー,むりくり,1319,5
588位,,黒魔術師,ジィーレ,1318,5
589位,,闘士,あとはまかせた！,1318,5
590位,,悪魔,マックフルーリ,1318,5
591位,,ビーストテイマー,ららるら,1318,5
592位,,ウィザード,bashar24,1318,5
593位,,ビーストテイマー,めめんと・もり,1317,5
594位,,マスケッティア,あんよはじょうず,1316,5
595位,,アーチャー,ちくわぶ子,1316,5
596位,,シーフ,ゴアメタル,1316,5
597位,,追放天使,ぜんたく,1316,5
598位,,ランサー,Alfyn,1315,5
599位,,リトルウィッチ,みりぽ,1314,5
600位,,リトルウィッチ,さけのいきおい！,1314,5
601位,,アルケミスト,おなすじ,1313,5
602位,,黒魔術師,鬼人☆正邪,1313,5
603位,,リトルウィッチ,仮面サポート,1313,5
604位,,武道家,金竜☆,1313,5
605位,,ビショップ,カイザー001,1313,5
606位,,アーチャー,エマ・ウッズ,1312,5
607位,,ウィザード,yoida,1312,5
608位,,剣士,サレックス,1312,5
609位,,獣人,♂Mangosteen♀,1311,5
610位,,ビーストテイマー,kasumi07,1311,5
611位,,アルケミスト,bsk仮面,1310,5
612位,,獣人,あしゅっしゅら,1310,5
613位,,獣人,ζumebooζ,1310,5
614位,,プリンセス,ポワトリン_,1310,5
615位,,ランサー,キャロット浅草,1310,5
616位,,武道家,水兎子竜,1310,5
617位,,ビショップ,ゆずり葉,1310,5
618位,,獣人,ぴくるすさん,1309,5
619位,,ネクロマンサー,ШｻｲﾊﾞﾊﾞШ,1309,5
620位,,ランサー,†AURORA†,1309,5
621位,,武道家,TOUGH＿BOY,1309,5
622位,,シーフ,ハルポン５,1309,5
623位,,剣士,バリュースター,1309,5
624位,,ランサー,neoroco,1308,5
625位,,ランサー,PitCycle,1308,5
626位,,追放天使,ψ鉢架ψ,1308,5
627位,,悪魔,あしゅらまる,1307,5
628位,,ビーストテイマー,♯ミルリ♯,1307,5
629位,,武道家,soraris012,1307,5
630位,,戦士,白もつ,1307,5
631位,,戦士,でゅらんたる,1307,5
632位,,剣士,貝塚勃起もぐら,1307,5
633位,,獣人,何松氏,1305,5
634位,,霊術師,ουρο,1305,5
635位,,ビーストテイマー,♭ミルリ♭,1305,5
636位,,アーチャー,遊眞,1305,5
637位,,ランサー,†なまちゃ†,1305,5
638位,,ウィザード,みそ味のゴリラ,1305,5
639位,,黒魔術師,celestially,1304,5
640位,,シーフ,0zero,1304,5
641位,,ウィザード,ライキキ,1304,5
642位,,霊術師,√水の月,1303,5
643位,,悪魔,レフィア,1303,5
644位,,ランサー,付箋紙,1303,5
645位,,ランサー,жElzaж,1303,5
646位,,戦士,ヒ．ビ,1303,5
647位,,霊術師,Revoked,1302,5
648位,,アーチャー,POISON・ULTIMA,1302,5
649位,,ビショップ,すごい肩幅の男性,1301,5
650位,,ウィザード,琥羅胡堵,1301,5
651位,,メイド,ごまパンダ,1300,5
652位,,悪魔,くびれおばけ,1300,5
653位,,ランサー,ローゼンティア,1300,5
654位,,シーフ,機動破壊,1300,5
655位,,戦士,奇襲,1300,5
656位,,黒魔術師,ψ黒雪姫ψ,1299,5
657位,,リトルウィッチ,ルーティカ,1299,5
658位,,ランサー,∬愛凛∬,1299,5
659位,,ランサー,ﾚｲﾗ・ﾏﾙｶﾙ,1299,5
660位,,ランサー,キーシア,1298,5
661位,,ランサー,毒おじや・改,1298,5
662位,,ウィザード,ﾄﾞﾗｯｸﾞｽﾄｱﾓﾘ♪,1298,5
663位,,悪魔,毒毒毒,1297,5
664位,,サマナー,まーち。,1297,5
665位,,アーチャー,らんるる,1297,5
666位,,ランサー,バニラブルー,1297,5
667位,,アーチャー,天´,1296,5
668位,,プリンセス,♪れいな♪,1294,5
669位,,武道家,サイレントブーツ,1294,5
670位,,追放天使,シモフリトマト,1294,5
671位,,ビーストテイマー,結春,1293,5
672位,,ランサー,遮那姫,1293,5
673位,,悪魔,こーひー乳牛,1292,5
674位,,悪魔,しば犬（黒）,1292,5
675位,,プリンセス,にゃんぱすー,1292,5
676位,,ウィザード,ルイン（叡智,1292,5
677位,,霊術師,カーマは気まぐれ,1291,5
678位,,霊術師,はれいくいん,1291,5
679位,,ネクロマンサー,kp理論,1291,5
680位,,プリンセス,☆ぐれ子☆,1291,5
681位,,キャプテン,ファラ岡アテム,1290,5
682位,,アーチャー,凛冲,1290,5
683位,,ランサー,耶摩蘭紗,1290,5
684位,,武道家,須魅斗,1290,5
685位,,ウィザード,アステロイド,1290,5
686位,,アルケミスト,べり地図,1289,5
687位,,プリンセス,Floating,1289,5
688位,,プリンセス,なぁぜなぁぜ？,1289,5
689位,,プリンセス,ベリ鏡３,1289,5
690位,,プリンセス,ぺんでゅらむ,1289,5
691位,,ランサー,点滅後点灯,1289,5
692位,,ランサー,ここあΣ,1289,5
693位,,武道家,yuugo♪,1289,5
694位,,シーフ,siriusu☆,1289,5
695位,,剣士,はみみん,1289,5
696位,,キャプテン,鋼の味噌汁,1288,5
697位,,悪魔,sylvanshine,1288,5
698位,,追放天使,サイブレス,1288,5
699位,,ビーストテイマー,coolcolor,1287,5
700位,,黒魔術師,ストロベル,1286,5
701位,,獣人,ちゃん☆ぽこ,1286,5
702位,,獣人,Sanariyo,1286,5
703位,,ランサー,Artemisfoul0925,1286,5
704位,,ビショップ,♪チョコボール♪,1286,5
705位,,黒魔術師,らぶまいど♪,1285,5
706位,,リトルウィッチ,那夏,1285,5
707位,,プリンセス,そら色,1285,5
708位,,シーフ,どぽ,1285,5
709位,,ウィザード,ｎational,1285,5
710位,,リトルウィッチ,SnowyTears,1284,5
711位,,プリンセス,confetti,1284,5
712位,,ビショップ,ｺﾞﾌﾞﾘﾝｴﾘｰﾄ部隊,1284,5
713位,,ビショップ,つっぺ☆,1284,5
714位,,ビショップ,ホイミライタン,1284,5
715位,,リトルウィッチ,あしゅ☆,1283,5
716位,,プリンセス,臨臨,1283,5
717位,,武道家,Jack・Steal,1283,5
718位,,ウィザード,誕生花,1283,5
719位,,ウィザード,Peach∀,1283,5
720位,,ネクロマンサー,元大統領。,1282,5
721位,,リトルウィッチ,sonatina,1282,5
722位,,リトルウィッチ,frostynight,1282,5
723位,,リトルウィッチ,orloj,1282,5
724位,,アーチャー,丸刈,1282,5
725位,,ランサー,ＹＵＫＩ☆ＲＩＮ,1282,5
726位,,追放天使,inferno,1282,5
727位,,ウィザード,ｴﾙﾊﾞｳﾞｪｰﾙ,1282,5
728位,,剣士,DeaExMachina,1282,5
729位,,獣人,LOleX,1281,5
730位,,ネクロマンサー,クラセレ,1281,5
731位,,リトルウィッチ,sobalice,1281,5
732位,,戦士,ファイア＆デス,1281,5
733位,,リトルウィッチ,Ninon,1280,5
734位,,プリンセス,ハナモモ,1280,5
735位,,アーチャー,鳳煉,1280,5
736位,,シーフ,はるかちゃ～ん,1280,5
737位,,ウィザード,Lavendura,1280,5
738位,,アルケミスト,ブラハが至高,1279,5
739位,,光奏師,かぺ！,1279,5
740位,,アーチャー,†Lancer・Dart†,1279,5
741位,,ランサー,†エレハイム†,1279,5
742位,,黒魔術師,アーデンダーク,1278,5
743位,,黒魔術師,絶対許さない。,1278,5
744位,,ランサー,ハハク,1278,5
745位,,シーフ,神拳龍,1278,5
746位,,黒魔術師,狩る子,1277,5
747位,,光奏師,蒼聖奏,1277,5
748位,,ランサー,kodomow,1277,5
749位,,プリンセス,ﾄｪｪｪｪｲ,1276,5
750位,,アーチャー,イタクァ,1276,5
751位,,戦士,晴風ⅡY469,1276,5
752位,,獣人,kodomob,1275,5
753位,,光奏師,Parca_Luna,1275,5
754位,,霊術師,DerTod,1275,5
755位,,アーチャー,シルバーのカレン,1275,5
756位,,ランサー,Estelli,1275,5
757位,,ランサー,ﾛｰｽﾞﾄﾞｸﾛｴ,1275,5
758位,,ビショップ,ねも,1275,5
759位,,ウィザード,Jack・Wizard,1275,5
760位,,戦士,TS020,1275,5
761位,,キャプテン,ψCaptain・Jψ,1274,5
762位,,悪魔,みんな去っていく,1274,5
763位,,ランサー,jihad,1274,5
764位,,武道家,夕波千鳥,1274,5
765位,,ビショップ,大天使アーク,1274,5
766位,,ウィザード,えいにゃ,1274,5
767位,,ウィザード,marsborn,1274,5
768位,,剣士,о鶴丸国永о,1274,5
769位,,獣人,煌帝りぽたん,1273,5
770位,,ランサー,ダイ1122,1273,5
771位,,マスケッティア,ちしオジ,1272,5
772位,,プリンセス,feder,1271,5
773位,,ランサー,ななゃん,1271,5
774位,,武道家,マヨっシーX２,1271,5
775位,,戦士,勇者様A,1271,5
776位,,黒魔術師,燐然,1270,5
777位,,闘士,獣を司る死神,1270,5
778位,,アーチャー,erable_chatte,1270,5
779位,,武道家,ReLaPin,1270,5
780位,,シーフ,こおｒ,1270,5
781位,,プリンセス,schｉller,1269,5
782位,,アーチャー,Artillery,1269,5
783位,,ランサー,すきっぷふろあ,1269,5
784位,,ランサー,野いちご,1269,5
785位,,武道家,ゆもよ,1269,5
786位,,追放天使,ｽﾞｷｭｳｳｩﾝ,1269,5
787位,,ウィザード,うぃの,1269,5
788位,,黒魔術師,ｳｪﾙﾐｽ・ﾐｽﾃﾘｲｽ,1268,5
789位,,獣人,白髪ぱいせん,1268,5
790位,,アーチャー,前貴,1268,5
791位,,アーチャー,ﾊﾟﾜｰｶﾞｲｼﾞ,1268,5
792位,,アーチャー,某ランサーちゃん,1268,5
793位,,アーチャー,オルティナ少尉,1268,5
794位,,武道家,＄貧ちゃん紙さま,1268,5
795位,,シーフ,Kitchengang,1268,5
796位,,ビショップ,チャン☆ポン,1268,5
797位,,ウィザード,Another_World,1268,5
798位,,キャプテン,アシュティン,1267,5
799位,,アルケミスト,STAP,1267,5
800位,,黒魔術師,黒魔のたぬ子,1267,5
801位,,獣人,うに姫。,1267,5
802位,,プリンセス,そこらの民衆_X,1267,5
803位,,ランサー,ニケリブラ,1267,5
804位,,追放天使,クロノポリス,1267,5
805位,,ウィザード,なのぴよ,1267,5
806位,,黒魔術師,イルリア,1266,5
807位,,プリンセス,ロックブーケξ,1266,5
808位,,アーチャー,Natsuki♪,1266,5
809位,,ビショップ,派ー！！！！,1266,5
810位,,黒魔術師,_ヌルカ,1265,5
811位,,リトルウィッチ,しゅがみぃ,1265,5
812位,,リトルウィッチ,かや☆か～や,1265,5
813位,,武道家,ｲｽﾗﾌｪﾙ,1265,5
814位,,ウィザード,ポルトランド,1265,5
815位,,剣士,びす太,1265,5
816位,,黒魔術師,黒魔術師レルク,1264,5
817位,,獣人,tabetai,1264,5
818位,,霊術師,ほんげー,1264,5
819位,,悪魔,デイドラのいぬ,1264,5
820位,,ネクロマンサー,エストリエ,1264,5
821位,,リトルウィッチ,KISS_of_DEATH”,1264,5
822位,,アーチャー,遮那王妃,1264,5
823位,,アーチャー,エルぜリオン,1264,5
824位,,アーチャー,☆Eternal☆,1264,5
825位,,ランサー,neori34,1264,5
826位,,戦士,イ建２,1264,5
827位,,剣士,shingo10,1264,5
828位,,獣人,↑魔法の筒↓,1263,5
829位,,プリンセス,バリパリ,1263,5
830位,,アーチャー,哀愁トワイライト,1263,5
831位,,アーチャー,さぷら～ぃず☆,1263,5
832位,,ランサー,モルル☆ラン,1263,5
833位,,武道家,エミーラ,1263,5
834位,,ウィザード,黒蝮のmasa,1263,5
835位,,マスケッティア,マヌケなマスケ,1262,5
836位,,プリンセス,ごまあらし,1262,5
837位,,サマナー,We_Are_One,1262,5
838位,,武道家,ｓｋサン,1262,5
839位,,シーフ,Leo_☆,1262,5
840位,,ビショップ,天使乃子,1262,5
841位,,ウィザード,マリント,1262,5
842位,,黒魔術師,美輪明宏Nx,1261,5
843位,,サマナー,ゆうぼんβ,1261,5
844位,,ウィザード,ひろお。,1261,5
845位,,ウィザード,D・cloud,1261,5
846位,,メイド,冥途,1260,5
847位,,プリンセス,瑠璃垣,1260,5
848位,,アーチャー,☆ume☆,1260,5
849位,,アーチャー,隣神ちゃん,1260,5
850位,,アーチャー,炎美里,1260,5
851位,,アーチャー,ワーナーⅡ,1260,5
852位,,ランサー,銃兎さん,1260,5
853位,,ランサー,あすなん♪,1260,5
854位,,戦士,simasakon,1260,5
855位,,アルケミスト,豚肉大好き幸次郎,1259,5
856位,,獣人,Daihuku,1259,5
857位,,光奏師,ZenBook,1259,5
858位,,悪魔,ミュウミュウ☆,1259,5
859位,,リトルウィッチ,deru19,1259,5
860位,,プリンセス,みんな幸せ,1259,5
861位,,プリンセス,ののんこ,1259,5
862位,,アーチャー,ЖKirkeЖ,1259,5
863位,,追放天使,ﾀﾗﾀﾗ０５,1259,5
864位,,ビショップ,八朔金柑,1259,5
865位,,ウィザード,πRosenkreutzπ,1259,5
866位,,剣士,運命と闘う死神,1259,5
867位,,アルケミスト,Black_D,1258,5
868位,,悪魔,ポイズンお姉さん,1258,5
869位,,悪魔,パブディア,1258,5
870位,,プリンセス,こいろ,1258,5
871位,,アーチャー,ｓｋさん,1258,5
872位,,アーチャー,ジェフの七番,1258,5
873位,,アーチャー,Dreamtale,1258,5
874位,,ランサー,アトラスダム,1258,5
875位,,ランサー,ekuseria,1258,5
876位,,ランサー,まーち♪,1258,5
877位,,ランサー,RedEmelard,1258,5
878位,,追放天使,弾ける汗,1258,5
879位,,ビショップ,プロトレーナー,1258,5
880位,,ウィザード,∬鈴∬,1258,5
881位,,ウィザード,ろじうむ,1258,5
882位,,アルケミスト,砥夢,1258,0
883位,,キャプテン,ｸ･ﾘﾄﾙ･ﾘﾄﾙ,1257,5
884位,,黒魔術師,pp_B,1257,5
885位,,プリンセス,あかねの坂,1257,5
886位,,プリンセス,nana姫♪,1257,5
887位,,ビーストテイマー,れい奈,1257,5
888位,,武道家,∬保湿ペーパー∬,1257,5
889位,,追放天使,聖梛,1257,5
890位,,アルケミスト,モロロモルル☆,1256,5
891位,,黒魔術師,kuna_,1256,5
892位,,黒魔術師,カマちゃ＊ミ,1256,5
893位,,獣人,クロヌマ,1256,5
894位,,悪魔,ふぁんでぃーな☆,1256,5
895位,,悪魔,対角線上の片思い,1256,5
896位,,リトルウィッチ,一ノ花,1256,5
897位,,リトルウィッチ,たぬみ,1256,5
898位,,プリンセス,こぐまちゃん☆,1256,5
899位,,プリンセス,ぷりっくす022,1256,5
900位,,アーチャー,えすめらるだ,1256,5
901位,,ランサー,ふたごちゃん,1256,5
902位,,ランサー,地球温暖化を防ぐ,1256,5
903位,,ランサー,疾風のかるちょ,1256,5
904位,,武道家,ﾉﾗﾐｬｵｼｰﾌ,1256,5
905位,,ウィザード,今宵の月のように,1256,5
906位,,ウィザード,ＪＥＮＮＹ,1256,5
907位,,戦士,κⅰтаκци,1256,5
908位,,黒魔術師,Todfeind,1255,5
909位,,光奏師,光撃者まもちゃん,1255,5
910位,,悪魔,ふらむ,1255,5
911位,,プリンセス,うにチャーハン,1255,5
912位,,ビーストテイマー,☆☆綾那☆☆,1255,5
913位,,ビーストテイマー,ぷーさんだよぉ♪,1255,5
914位,,アーチャー,焔霞朧,1255,5
915位,,武道家,〓ガラ〓,1255,5
916位,,ウィザード,青春行進曲,1255,5
917位,,黒魔術師,メル・マリー,1254,5
918位,,黒魔術師,ルリレ,1254,5
919位,,霊術師,ビッグマック,1254,5
920位,,悪魔,亜季ちゃん,1254,5
921位,,アーチャー,ハルちゃん☆,1254,5
922位,,アーチャー,☆ﾃｸｽﾁｬ☆,1254,5
923位,,ランサー,喫茶TurQuoise,1254,5
924位,,ランサー,フィル･ド･レナス,1254,5
925位,,ランサー,ξキュアξ,1254,5
926位,,追放天使,￥神樣家族￥,1254,5
927位,,追放天使,れいちえる。,1254,5
928位,,ウィザード,すいまる,1254,5
929位,,ウィザード,ビオレおじさん,1254,5
930位,,ウィザード,☆虎児☆,1254,5
931位,,剣士,ジェフの項番,1254,5
932位,,アルケミスト,ψelｌiotψ,1253,5
933位,,黒魔術師,サタケ,1253,5
934位,,獣人,ｾﾝﾄﾁﾋﾛﾁｯﾁ,1253,5
935位,,獣人,まるがり参式,1253,5
936位,,獣人,ﾁｮｳｪｲ！,1253,5
937位,,獣人,吸血姫ジェノバ♪,1253,5
938位,,光奏師,Ｃ．Ｃ．☆彡,1253,5
939位,,リトルウィッチ,んな雪,1253,5
940位,,プリンセス,ちゃん☆ぽ古01,1253,5
941位,,プリンセス,ちゃん☆ぽ子01,1253,5
942位,,プリンセス,ちゃん☆ぽ娘01,1253,5
943位,,プリンセス,ちゃん☆ぽ個01,1253,5
944位,,プリンセス,ちゃん☆ぽ児01,1253,5
945位,,プリンセス,ちゃん☆ぽ仔01,1253,5
946位,,プリンセス,ジェフの01番,1253,5
947位,,プリンセス,nii♪,1253,5
948位,,サマナー,∮ミルリ∮,1253,5
949位,,ビーストテイマー,H270Evo,1253,5
950位,,ビーストテイマー,凍冬,1253,5
951位,,ビーストテイマー,☆дテイマд☆,1253,5
952位,,アーチャー,某ランサ,1253,5
953位,,ランサー,ﾗﾌﾞｱﾛｰｼｭｰﾄ☆,1253,5
954位,,武道家,当麻宗三郎,1253,5
955位,,追放天使,ﾍﾟﾍﾟﾛﾝﾁｰﾉ伯爵,1253,5
956位,,追放天使,Ambiguousu,1253,5
957位,,剣士,嵐を呼ぶジジ,1253,5
958位,,キャプテン,青点滅,1252,5
959位,,黒魔術師,にゃふぽっくる,1252,5
960位,,黒魔術師,焔霞紫苑,1252,5
961位,,獣人,ばろちゃん,1252,5
962位,,獣人,Geminorumβ,1252,5
963位,,闘士,GOLDHIDE．,1252,5
964位,,霊術師,江楠,1252,5
965位,,ネクロマンサー,あくまり,1252,5
966位,,リトルウィッチ,FruitsDaifuku,1252,5
967位,,リトルウィッチ,spille,1252,5
968位,,リトルウィッチ,超泡姫,1252,5
969位,,プリンセス,椿’,1252,5
970位,,プリンセス,TimeStepRabbit,1252,5
971位,,プリンセス,もり山もり子,1252,5
972位,,プリンセス,もりまるまるもり,1252,5
973位,,サマナー,♪ミルリ♪,1252,5
974位,,アーチャー,あんにんどーふ,1252,5
975位,,アーチャー,咲季ちゃん,1252,5
976位,,アーチャー,ψまりかψ,1252,5
977位,,アーチャー,OMPΣ,1252,5
978位,,ランサー,ファンディーナ,1252,5
979位,,ランサー,むっつり五郎さん,1252,5
980位,,ランサー,ばろろ,1252,5
981位,,ランサー,裁縫師平坂かなめ,1252,5
982位,,ランサー,詩～Uta～,1252,5
983位,,追放天使,あしでぃー,1252,5
984位,,ウィザード,WolLim,1252,5
985位,,ウィザード,めぐ子♪,1252,5
986位,,ウィザード,くじら丸,1252,5
987位,,戦士,ランボー怒りのRT,1252,5
988位,,剣士,Stray_Lamb,1252,5
989位,,剣士,光軍,1252,5
990位,,アルケミスト,MASK_,1251,5
991位,,アルケミスト,黄金水垂れ男,1251,5
992位,,黒魔術師,おとっちゃん,1251,5
993位,,黒魔術師,小松菜ノ葉,1251,5
994位,,黒魔術師,殴るメイドさん,1251,5
995位,,メイド,しげくろま,1251,5
996位,,獣人,†SunnySideUp†,1251,5
997位,,獣人,Mysh＾－＾,1251,5
998位,,獣人,ジャガイモ先生,1251,5
999位,,光奏師,貝塚勃起ショタ,1251,5
