,-,職業,キャラクター,レベル,転生回数
1,-,,愛犬サクラ,2000,5
2,-,,ぷーちゃん♪,2000,5
3,-,,狼輝,2000,5
4,-,,しらたま団子ＬＬ,2000,5
5,-,,カマキリ令嬢,2000,5
6,-,,UnBiR,2000,5
7,-,,とろっとろ牛すじ,2000,5
8,-,,アーリア。,1988,5
9,-,,おーいえ,1986,5
10,-,,お～い恋茶,1978,5
11,-,,りんじょー,1975,5
12,-,,シル星,1941,5
13,-,,ループド,1939,5
14,-,,DXUキャプテンUSA,1933,5
15,-,,あざといたぬき,1933,5
16,-,,みゅうごろう,1931,5
17,-,,【ポッセ】,1928,5
18,-,,レバナス父ちゃん,1925,5
19,-,,鷸榧,1919,5
20,-,,らっきーよだすけ,1918,5
21,-,,katsuxxx,1909,5
22,-,,yamada3000,1907,5
23,-,,伊勢七海,1906,5
24,-,,ﾙﾙｰｼｭ・ﾗﾝﾍﾟﾙｰｼﾞ,1906,5
25,-,,あなたのハートに,1905,5
26,-,,ねこみみ弐号,1904,5
27,-,,Narmaya,1900,5
28,-,,＋カイト＋,1898,5
29,-,,ひさめっち,1895,5
30,-,,§エス§,1892,5
31,-,,〝AIO〟,1889,5
32,-,,darkfy,1888,5
33,-,,獣☆ホブス,1887,5
34,-,,捨ノ型・生生流転,1885,5
35,-,,弓兵頭,1874,5
36,-,,MariaDB,1868,5
37,-,,メリデ♪,1866,5
38,-,,ぼのの,1866,5
39,-,,狛狗,1857,5
40,-,,サトノレイナス,1853,5
41,-,,covid,1852,5
42,-,,IEnaI,1846,5
43,-,,ぬりぼう,1845,5
44,-,,Amstel,1844,5
45,-,,か～ら,1844,5
46,-,,Vitamin3000,1844,5
47,-,,光のボウリング,1844,5
48,-,,ψ七ちψ,1838,5
49,-,,たこち,1838,5
50,-,,風の歌,1836,5
