1位,,Spirit　of　Fire,astrologia,200,5
1位,,ましゅまろちきん☆彡,おぃ、止まれ！？,200,5
1位,,Ｂeatnuts,Ruin’sFeather☆,200,5
1位,,セントリオ,塵地螺鈿飾剣,200,5
