,,,,
1,,Deadly,1435,34160
2,,다누리,1616,21923
3,,뉴삼총사,1421,20104
4,,Guan_Yu,1459,16425
5,,_천상,975,15240
6,,전여친,1371,13612
7,,v1p1최강의조련사,882,13075
8,,샤또지마,1610,12983
9,,운좋은고양이,1610,12842
10,,와니천사,1217,11872
11,,기억해사랑해,1262,11740
12,,maya,913,11136
13,,리트군,1304,10991
14,,인생_콜전용,1570,10795
15,,S2조자룡,1411,10306
16,,금돌,1641,10096
17,,산타루치노,1601,10030
18,,화이어,708,8600
19,,파이오니아,1575,8223
20,,스마트무빙,1305,8097
21,,가행건부,1599,8093
22,,얌시선장,1522,7985
23,,투컷,968,7781
24,,지옥불_,1577,7621
25,,민쏘쏘,1612,7579
26,,MILKMAID,1425,7399
27,,깐지데쓰,899,7313
28,,하늘이다,902,7020
29,,핼버드,1572,6908
30,,천상마법지존,774,6904
31,,반짝반짝작은별,1601,6839
32,,물련금,1336,6629
33,,씽긋,1591,6419
34,,vvvvvvvvvvvvv,1614,6349
35,,리치골드,601,6310
36,,무드리치,1637,6165
37,,선비타천,1262,6095
38,,헤독,1644,5829
39,,넌내꼬,1086,5774
40,,페르파,1501,5718
41,,오I톨0l,873,5692
42,,한맹수인,1286,5522
43,,1____M,1596,5502
44,,HOOT,1609,5062
45,,이사건은내가맡죠,917,4988
46,,강원마미,706,4953
47,,디아볼릭,1589,4899
48,,칼로츠,1420,4840
49,,prettystar,1276,4831
50,,d절대조련사b,781,4819
51,,테일라라,563,4726
52,,SteinsNRD,1255,4674
53,,다식한고양이,1414,4197
54,,아려니,1576,4157
55,,너키,1541,4156
56,,항설,1436,4150
57,,아칭,613,4137
58,,Avengers,1290,4116
59,,신민아이유인나,1409,4104
60,,놀까나,762,4048
61,,칸율,1621,4044
62,,전남친,1385,4034
63,,앙금술사,1605,4033
64,,초심xp,929,4015
65,,꼭지점덴스,741,4013
66,,도망이,1572,3999
67,,영애의기운을받아,1567,3955
68,,monchertonton,178,3917
69,,SeungEE,1618,3914
70,,분신3바이오레트,969,3874
71,,아리슬래너,1433,3826
72,,묵꼼,1672,3820
73,,환장해브르,917,3772
74,,나는농부입니다,1436,3707
75,,나쁘지도좋지도,1125,3707
76,,산지직송,900,3676
77,,류정점,1057,3672
78,,철원,1450,3667
79,,바람의풍령,847,3642
80,,성실,1244,3558
81,,전언,1574,3510
82,,바하모르크,1589,3471
83,,걸귀무적,1276,3437
84,,0620,1593,3360
85,,나늑인수연,723,3353
86,,gka성,1520,3352
87,,감자고구마,1591,3341
88,,BuskerBusker,1489,3306
89,,하수빈,1468,3294
90,,멜론플레이어,991,3293
91,,SwordBoy,1044,3253
92,,절설랑,563,3238
93,,서하엘,1449,3211
94,,잘렌,1553,3208
95,,혜위,1141,3174
96,,천마군림보,1203,3172
97,,고스트늑대인간,1307,3158
98,,맛나,1507,3135
99,,피리부는떠돌이,878,3121
100,,나희,1448,3105
