,,,,
1,,천마신녀,1314,14650
2,,고운비,867,12654
3,,레드마인,1316,11106
4,,insunsky,1356,10733
5,,test_1,853,9841
6,,다크루비,895,9400
7,,샤비o,1312,9356
8,,자연의마신,1281,9091
9,,유드로얄,726,7616
10,,차도살인,1159,7400
11,,마카오박,761,7379
12,,리에스,917,6936
13,,DestinyHERO2,1546,6198
14,,Vaga_Bond,711,5821
15,,뭐이새기야,1438,5478
16,,뜨거운형제,1563,5444
17,,sdfsfsdf,1408,5406
18,,명궁revis,828,5094
19,,노을산마루,752,5057
20,,폭한,1404,4929
21,,BeautifulLife,868,4809
22,,눈꽃잎,1566,4718
23,,친구란두글자,954,4626
24,,천국의기사1,1127,4624
25,,꼬마여우_JM,748,4588
26,,윈도우걸,874,4180
27,,타락한gg기사,878,4036
28,,멜로우키스,873,4036
29,,동관상사,867,3767
30,,Browns궁수,1126,3707
31,,혈마여련사,944,3695
32,,샷아빠,946,3525
33,,xKira,734,3458
34,,이양_조련,806,3409
35,,거치른이쁜걸,844,3357
36,,황제나라짱,761,3269
37,,상콤발랄,855,3261
38,,hong2,421,3179
39,,여전사도성,931,3164
40,,징한아이,922,3123
41,,민소매,1376,3070
42,,예쁜누님,976,3069
43,,김새봄,781,2969
44,,미워할수없는존재,714,2927
45,,퍼펙트챔피언,1239,2911
46,,?0firdoqwucfeki,517,2908
47,,홀리데인로마,1591,2882
48,,파괴의신념,1356,2881
49,,윈드에로우,909,2823
50,,아룡,705,2813
51,,잭니클라우스,1061,2774
52,,칸황,1392,2746
53,,송그림,1350,2742
54,,철퇴로니뚝배기를,1471,2739
55,,배리본즈,800,2688
56,,별이랑사,1545,2630
57,,모뉴엘,1393,2591
58,,천황성,995,2590
59,,블론드,1594,2517
60,,무지개의안개,725,2517
61,,블러드체페쉬,1570,2471
62,,야원,968,2451
63,,틈새공략,910,2409
64,,날렵맨,764,2355
65,,웃을께이젠,800,2350
66,,키노악마,715,2304
67,,가람_영원,782,2276
68,,이상복,740,2274
69,,다비니,1381,2250
70,,Ol노무시키,1322,2177
71,,바람의법사z,785,2159
72,,댕아,1573,2151
73,,도시를훔처라,872,2133
74,,인휴,900,2071
75,,정품이라고,1029,2039
76,,절산비행소녀,662,2028
77,,무대뽀걸,1371,2008
78,,매직포지션,861,2007
79,,깡냉이,858,1970
80,,보고또보고,985,1961
81,,얀시,646,1931
82,,천재잡초,767,1930
83,,피의전사,916,1916
84,,보라두비,1609,1911
85,,베스트프렌드s2,785,1854
86,,erican,694,1835
87,,gongpo7,897,1832
88,,댄벌트,680,1821
89,,그랜져TG,727,1820
90,,피혈가,915,1817
91,,바쿠스,649,1809
92,,혈천검,944,1806
93,,추남오빠야,752,1782
94,,예쁜보석내꺼,766,1763
95,,태풍의핵,875,1762
96,,김인성2,1404,1759
97,,우린이러지안기로,891,1759
98,,한계파열,683,1749
99,,포세이돈의딸,1443,1740
100,,lnstagram,1612,1735
