,,,,
1,,천마신녀,1411,14651
2,,고운비,867,12654
3,,insunsky,1433,12620
4,,레드마인,1415,11111
5,,test_1,853,9841
6,,다크루비,895,9400
7,,샤비o,1407,9357
8,,자연의마신,1312,9353
9,,유드로얄,726,7616
10,,차도살인,1159,7400
11,,마카오박,761,7379
12,,리에스,917,6936
13,,DestinyHERO2,1557,6199
14,,뜨거운형제,1703,5835
15,,Vaga_Bond,711,5821
16,,뭐이새기야,1438,5478
17,,sdfsfsdf,1443,5406
18,,명궁revis,828,5094
19,,노을산마루,752,5057
20,,폭한,1471,4991
21,,눈꽃잎,1705,4936
22,,BeautifulLife,868,4809
23,,천국의기사1,1187,4645
24,,친구란두글자,954,4626
25,,꼬마여우_JM,748,4588
26,,윈도우걸,874,4180
27,,타락한gg기사,878,4036
28,,멜로우키스,873,4036
29,,홀리데인로마,1721,3821
30,,동관상사,867,3767
31,,Browns궁수,1185,3708
32,,혈마여련사,962,3707
33,,샷아빠,946,3525
34,,xKira,734,3458
35,,이양_조련,806,3409
36,,거치른이쁜걸,844,3357
37,,황제나라짱,761,3269
38,,송그림,1391,3261
39,,상콤발랄,855,3261
40,,hong2,421,3179
41,,여전사도성,931,3164
42,,징한아이,927,3124
43,,블론드,1740,3112
44,,민소매,1376,3070
45,,예쁜누님,976,3069
46,,김새봄,781,2969
47,,퍼펙트챔피언,1267,2931
48,,미워할수없는존재,714,2927
49,,포세이돈의딸,1684,2925
50,,?0firdoqwucfeki,517,2908
51,,파괴의신념,1411,2881
52,,블러드체페쉬,1732,2837
53,,잭니클라우스,1155,2828
54,,윈드에로우,909,2823
55,,아룡,705,2813
56,,철퇴로니뚝배기를,1491,2790
57,,칸황,1392,2746
58,,무대뽀걸,1491,2736
59,,배리본즈,800,2688
60,,별이랑사,1559,2653
61,,모뉴엘,1400,2640
62,,아리검,1721,2598
63,,천황성,1029,2594
64,,댕아,1736,2587
65,,무지개의안개,725,2517
66,,야원,981,2451
67,,틈새공략,910,2409
68,,날렵맨,764,2355
69,,웃을께이젠,800,2350
70,,이상복,831,2304
71,,키노악마,715,2304
72,,보라두비,1724,2291
73,,가람_영원,782,2276
74,,다비니,1382,2250
75,,Ol노무시키,1322,2177
76,,바람의법사z,785,2159
77,,도시를훔처라,872,2133
78,,lnstagram,1723,2072
79,,인휴,900,2071
80,,정품이라고,1029,2039
81,,절산비행소녀,662,2028
82,,매직포지션,861,2007
83,,보고또보고,1033,2005
84,,깡냉이,858,1970
85,,얀시,646,1931
86,,천재잡초,767,1930
87,,피의전사,916,1916
88,,김인성2,1482,1908
89,,베스트프렌드s2,785,1854
90,,erican,694,1835
91,,gongpo7,897,1832
92,,댄벌트,680,1821
93,,그랜져TG,727,1820
94,,피혈가,915,1817
95,,혈천검,961,1810
96,,바쿠스,649,1809
97,,추남오빠야,752,1782
98,,수성용,1738,1781
99,,INEEDU,1721,1764
100,,예쁜보석내꺼,766,1763
